   0.0128248                   0                   0
   0.0384745                   0                   0
   0.0641241                   0                   0
   0.0897737                   0                   0
    0.115423                   0                   0
    0.141073                   0                   0
    0.166723                   0                   0
    0.192372                   0                   0
    0.218022                   0                   0
    0.243672                   0                   0
    0.269321                   0                   0
    0.294971                   0                   0
     0.32062                   0                   0
     0.34627                   0                   0
     0.37192                   0                   0
    0.397569                   0                   0
    0.423219                   0                   0
    0.448869                   0                   0
    0.474518                   0                   0
    0.500168                   0                   0
    0.525818                   0                   0
    0.551467                   0                   0
    0.577117                   0                   0
    0.602767                   0                   0
    0.628416                   0                   0
    0.654066                   0                   0
    0.679715                   0                   0
    0.705365                   0                   0
    0.731015                   0                   0
    0.756664                   0                   0
    0.782314                   0                   0
    0.807964                   0                   0
    0.833613                   0                   0
    0.859263         3.89046e-05         3.06634e-05
    0.884913          0.00116466          0.00017865
    0.910562           0.0244332         0.000814661
    0.936212            0.160782          0.00229248
    0.961861            0.559703          0.00421957
    0.987511             1.18812          0.00604329
     1.01316             1.84813          0.00772058
     1.03881             2.32713          0.00796673
     1.06446             2.55434          0.00696453
     1.09011             2.55334          0.00672322
     1.11576             2.40902          0.00553463
     1.14141              2.2079          0.00522745
     1.16706             1.97667          0.00542712
     1.19271             1.77019           0.0057536
     1.21836             1.55956          0.00536075
     1.24401             1.39215            0.004803
     1.26966             1.25007          0.00440498
     1.29531             1.13142          0.00436746
     1.32096             1.02931           0.0042856
     1.34661            0.946585          0.00344322
     1.37226            0.874572           0.0031955
     1.39791            0.817239          0.00322361
     1.42355            0.771368          0.00297475
      1.4492            0.734902          0.00288341
     1.47485            0.706796          0.00304013
      1.5005            0.688013           0.0030023
     1.52615            0.676437          0.00305527
      1.5518            0.670809          0.00295023
     1.57745            0.670604          0.00293409
      1.6031            0.675582          0.00301254
     1.62875            0.685137          0.00285268
      1.6544             0.69938          0.00269778
     1.68005            0.722314          0.00257198
      1.7057            0.746913          0.00297921
     1.73135            0.781073          0.00278538
       1.757            0.813601          0.00272704
     1.78265            0.854244          0.00295091
      1.8083            0.895461           0.0032736
     1.83395            0.936898          0.00312861
      1.8596            0.979584          0.00314763
     1.88525             1.01869          0.00306201
      1.9109             1.06101          0.00296536
     1.93655             1.09483          0.00280222
      1.9622             1.12708          0.00285901
     1.98785             1.15605          0.00277054
      2.0135             1.18532          0.00279239
     2.03915             1.19769          0.00281405
      2.0648             1.21089          0.00310346
     2.09045             1.21015          0.00296801
      2.1161             1.20507          0.00282419
     2.14174             1.19592           0.0029793
     2.16739             1.18022          0.00254751
     2.19304             1.15481           0.0026771
     2.21869             1.13267          0.00261488
     2.24434             1.10106          0.00254428
     2.26999             1.06912          0.00257423
     2.29564             1.04044          0.00250561
     2.32129             1.01517           0.0025323
     2.34694            0.989858          0.00237174
     2.37259            0.967464          0.00241211
     2.39824            0.946635          0.00220366
     2.42389            0.929815           0.0020634
     2.44954            0.916639          0.00230401
     2.47519            0.906101          0.00219905
     2.50084            0.894004          0.00220121
     2.52649            0.883933          0.00240851
     2.55214             0.88446           0.0021694
