           2                   0                   0
           3                   0                   0
           4                   0                   0
           5                   0                   0
           6                   0                   0
           7                   0                   0
           8                   0                   0
           9                   0                   0
          10                   0                   0
          11                   0                   0
          12                   0                   0
          13                   0                   0
          14                   0                   0
          15                   0                   0
          16                   0                   0
          17                   0                   0
          18                   0                   0
          19                   0                   0
          20                   0                   0
          21                   0                   0
          22                   0                   0
          23                   0                   0
          24                   0                   0
          25                   0                   0
          26                   0                   0
          27                   0                   0
          28                   0                   0
          29                   0                   0
          30                   0                   0
          31                   0                   0
          32                   0                   0
          33                   0                   0
          34                   0                   0
          35                   0                   0
          36                   0                   0
          37                   0                   0
          38                   0                   0
          39                   0                   0
          40         5.15484e-05         2.39939e-05
          41          0.00321113         0.000252358
          42           0.0471954         0.000985908
          43            0.293191          0.00294431
          44             1.00659          0.00624472
          45             2.23069          0.00692494
          46             3.62514          0.00702601
          47             4.61918          0.00746628
          48             4.89838          0.00908164
          49             4.48371           0.0110148
          50             3.67419          0.00906485
          51             2.69993          0.00606546
          52             1.82307          0.00430513
          53              1.1319          0.00362029
          54            0.648923          0.00367775
          55            0.353763          0.00297581
          56            0.176448          0.00226859
          57           0.0866557          0.00180935
          58           0.0468497          0.00129586
          59           0.0411272          0.00120211
          60           0.0601373          0.00130002
          61            0.105601          0.00163248
          62            0.185498          0.00207099
          63            0.300558          0.00217492
          64            0.454008          0.00215734
          65            0.626883          0.00211621
          66            0.798915          0.00294216
          67            0.920148          0.00346671
          68            0.971992          0.00352762
          69            0.926137          0.00344373
          70            0.808769          0.00246571
          71            0.642649          0.00206174
          72            0.468987          0.00179119
          73            0.313701           0.0017376
          74             0.21843          0.00209131
          75            0.192337          0.00251412
          76            0.253759          0.00310204
          77            0.430474          0.00355237
          78            0.747872          0.00361358
          79             1.19499          0.00325535
          80              1.7281          0.00260086
          81             2.23398          0.00409333
          82             2.60295           0.0062738
          83             2.72065          0.00688378
          84             2.56296           0.0061822
          85             2.18025          0.00468649
          86             1.68804          0.00304234
          87             1.19893          0.00268299
          88            0.801301          0.00321485
          89            0.541716          0.00369835
          90             0.42963          0.00354893
          91            0.458645          0.00287686
          92            0.584857          0.00230988
          93            0.756573          0.00173099
          94            0.920368          0.00197021
          95             1.01649          0.00259021
          96             1.02641          0.00279153
          97            0.921229          0.00226099
          98            0.782618           0.0017062
          99            0.653976          0.00187005
         100            0.571645          0.00290094
         101            0.571303          0.00360978
