           1     7.59189     7.59189           0
           2     7.55997     7.57593   0.0159591
           3     7.57709     7.57632  0.00922204
           4      7.5978     7.58169  0.00844787
           5     7.56541     7.57843   0.0073094
           6       7.607     7.58319  0.00763433
           7     7.53438     7.57622  0.00950075
           8     7.61914     7.58159  0.00982232
           9     7.55939     7.57912  0.00900661
          10     7.58816     7.58002  0.00810635
          11      7.5718     7.57928  0.00737052
          12     7.57175     7.57865  0.00675751
          13     7.62169     7.58196   0.0070429
          14     7.60544     7.58364  0.00673268
          15     7.61233     7.58555  0.00655324
          16     7.60406     7.58671  0.00623817
          17     7.59977     7.58747  0.00590991
          18     7.61516     7.58901  0.00578028
          19      7.6086     7.59004  0.00556391
          20     7.57427     7.58925  0.00533697
          21     7.58006     7.58882  0.00509531
          22     7.61814     7.59015  0.00503772
          23     7.61074     7.59104  0.00489621
          24     7.57853     7.59052  0.00471669
          25     7.59334     7.59064  0.00452549
          26     7.64751     7.59282  0.00486727
          27     7.62328     7.59395  0.00481743
          28     7.55088     7.59241  0.00489042
          29     7.62487     7.59353  0.00484965
          30     7.62118     7.59445  0.00477497
          31     7.57621     7.59387  0.00465574
          32     7.57188     7.59318  0.00455996
          33     7.57675     7.59268  0.00444756
          34     7.63115     7.59381  0.00446067
          35     7.62204     7.59462  0.00440582
          36     7.55152     7.59342  0.00444592
          37     7.59878     7.59357  0.00432651
          38     7.65031     7.59506  0.00446807
          39     7.60895     7.59542  0.00436654
          40     7.55835     7.59449  0.00435568
          41     7.60227     7.59468  0.00425235
          42     7.62649     7.59544  0.00421843
          43     7.61433     7.59588  0.00414252
          44     7.58636     7.59566  0.00405305
          45     7.63363      7.5965  0.00405083
          46      7.5886     7.59633  0.00396551
          47     7.57583      7.5959  0.00390466
          48     7.59407     7.59586  0.00382264
          49     7.56586     7.59524  0.00379353
          50     7.56791      7.5947  0.00375689
          51     7.56061     7.59403  0.00374266
          52      7.5587     7.59335  0.00373234
          53     7.56122     7.59274   0.0037111
          54     7.58135     7.59253  0.00364784
          55     7.60335     7.59273   0.0035863
          56     7.61169     7.59307  0.00353791
          57     7.66664     7.59436  0.00370721
          58     7.59935     7.59444  0.00364375
          59     7.58787     7.59433  0.00358319
          60     7.65747     7.59539  0.00367673
          61     7.57693     7.59508   0.0036286
          62     7.56892     7.59466  0.00359444
          63     7.60703     7.59486  0.00354237
          64     7.57379     7.59453  0.00350209
          65     7.58565     7.59439  0.00345049
          66     7.60178      7.5945  0.00339965
          67     7.56837     7.59411  0.00337116
          68     7.61352      7.5944  0.00333346
          69     7.58524     7.59427  0.00328747
          70     7.60929     7.59448  0.00324727
          71     7.62508     7.59491  0.00323009
          72     7.55247     7.59432  0.00323901
          73     7.59028     7.59427  0.00319481
          74     7.61832     7.59459  0.00316806
          75     7.60611     7.59475   0.0031293
          76     7.64039     7.59535  0.00314572
          77     7.63266     7.59583  0.00314219
          78     7.58067     7.59564  0.00310773
          79      7.5915     7.59558  0.00306859
          80     7.59869     7.59562  0.00303023
          81     7.60581     7.59575  0.00299523
          82     7.53288     7.59498  0.00305619
          83     7.59137     7.59494  0.00301946
          84     7.62738     7.59532  0.00300819
          85     7.56709     7.59499  0.00299109
          86     7.55789     7.59456  0.00298742
          87     7.54496     7.59399   0.0030074
          88     7.62929     7.59439  0.00299997
          89     7.56176     7.59403  0.00298865
          90     7.64554      7.5946  0.00301018
          91     7.63649     7.59506   0.0030123
          92     7.61831     7.59531  0.00299007
          93     7.60553     7.59542  0.00295979
          94      7.6217      7.5957  0.00294145
          95     7.59479     7.59569  0.00291034
          96     7.62369     7.59598  0.00289459
          97     7.57162     7.59573  0.00287558
          98     7.65517     7.59634  0.00290999
          99      7.6748     7.59713  0.00298748
         100     7.56613     7.59682  0.00297366
