   0.0323165                   0                   0
   0.0969496                   0                   0
    0.161583                   0                   0
    0.226216                   0                   0
    0.290849                   0                   0
    0.355482                   0                   0
    0.420115                   0                   0
    0.484748                   0                   0
    0.549381                   0                   0
    0.614014                   0                   0
    0.678647                   0                   0
     0.74328                   0                   0
    0.807913                   0                   0
    0.872546         0.000955497         4.09502e-05
    0.937179            0.148926         0.000477622
     1.00181             1.06313          0.00160375
     1.06645             2.04184          0.00245274
     1.13108             2.26522          0.00240926
     1.19571             2.08641          0.00222845
     1.26034             1.83487          0.00175999
     1.32498             1.61791          0.00162153
     1.38961             1.45135          0.00146142
     1.45424             1.33428          0.00124356
     1.51888             1.25062          0.00117348
     1.58351             1.18735          0.00114094
     1.64814             1.14275          0.00090806
     1.71278              1.1117         0.000994528
     1.77741             1.09041         0.000766007
     1.84204             1.07382         0.000797534
     1.90667             1.06605         0.000779946
     1.97131             1.06053         0.000771006
     2.03594             1.05627         0.000755959
     2.10057             1.05598         0.000765947
     2.16521             1.05213         0.000659439
     2.22984             1.04727              0.0007
     2.29447             1.04283         0.000610955
     2.35911             1.03627         0.000659115
     2.42374             1.03002         0.000714823
     2.48837             1.02551         0.000509625
     2.55301             1.02188          0.00047388
     2.61764             1.01681         0.000488289
     2.68227             1.01327         0.000510964
      2.7469             1.01044         0.000523477
     2.81154             1.00716         0.000542754
     2.87617             1.00445         0.000501047
      2.9408             1.00234          0.00046347
     3.00544             1.00237         0.000477696
     3.07007             1.00019         0.000434927
      3.1347            0.997909         0.000425153
     3.19934            0.997415         0.000374207
     3.26397            0.997029          0.00047697
      3.3286            0.995344         0.000424838
     3.39323            0.994567         0.000391064
     3.45787            0.993492         0.000414706
      3.5225             0.99285         0.000354071
     3.58713            0.992305         0.000390719
     3.65177            0.991907         0.000360737
      3.7164            0.991696         0.000380071
     3.78103            0.990171         0.000359239
     3.84567            0.990168         0.000358271
      3.9103            0.989801         0.000361687
     3.97493            0.989413         0.000320955
     4.03957            0.988871         0.000305773
      4.1042              0.9892         0.000310115
     4.16883            0.988362         0.000298212
     4.23346            0.988974         0.000313141
      4.2981            0.988278         0.000330064
     4.36273            0.988011         0.000280441
     4.42736            0.987729         0.000252151
       4.492            0.987504         0.000301382
     4.55663            0.987468          0.00027114
     4.62126            0.987144         0.000250037
      4.6859             0.98759         0.000262235
     4.75053            0.987394         0.000275748
     4.81516            0.986914         0.000281955
     4.87979            0.987041          0.00025129
     4.94443            0.986748         0.000269476
     5.00906            0.986506         0.000280021
     5.07369            0.986532         0.000244411
     5.13833            0.986281         0.000258515
     5.20296            0.986535         0.000256084
     5.26759            0.985903         0.000224333
     5.33223            0.986437          0.00025079
     5.39686             0.98656         0.000244954
     5.46149            0.985819         0.000267687
     5.52612            0.986611         0.000258107
     5.59076            0.986569         0.000228407
     5.65539            0.985861         0.000247492
     5.72002             0.98577         0.000234709
     5.78466            0.986058          0.00027036
     5.84929            0.986097         0.000256573
     5.91392            0.986243         0.000218425
     5.97856            0.986036         0.000235045
     6.04319             0.98597         0.000186769
     6.10782             0.98617          0.00019596
     6.17246            0.985378         0.000218717
     6.23709            0.985713         0.000211251
     6.30172            0.986022         0.000217456
     6.36635            0.985783         0.000203687
     6.43099            0.986099         0.000201115
