           1    -7.54669    -7.54669           0
           2    -7.55237    -7.54953  0.00284243
           3    -7.54985    -7.54964  0.00164452
           4    -7.54552    -7.54861  0.00155298
           5    -7.55153    -7.54919  0.00133701
           6    -7.54421    -7.54836  0.00137145
           7    -7.55694    -7.54959  0.00168735
           8    -7.54183    -7.54862  0.00175387
           9    -7.55297     -7.5491  0.00162068
          10    -7.54725    -7.54892  0.00146134
          11    -7.55065    -7.54907  0.00133116
          12    -7.55036    -7.54918   0.0012199
          13    -7.54128    -7.54857  0.00127613
          14     -7.5446    -7.54829   0.0012151
          15    -7.54308    -7.54794  0.00118321
          16    -7.54452    -7.54773  0.00112728
          17    -7.54545    -7.54759  0.00106736
          18    -7.54265    -7.54732   0.0010431
          19    -7.54367    -7.54713  0.00100517
          20    -7.55001    -7.54727 0.000964405
          21    -7.54875    -7.54734 0.000920035
          22    -7.54186    -7.54709  0.00091194
          23    -7.54336    -7.54693 0.000886376
          24    -7.54926    -7.54703  0.00085416
          25    -7.54625      -7.547 0.000819875
          26    -7.53673     -7.5466 0.000881061
          27    -7.54171    -7.54642 0.000866975
          28     -7.5543     -7.5467 0.000881591
          29    -7.54076     -7.5465 0.000874972
          30    -7.54138    -7.54633 0.000862363
          31    -7.54915    -7.54642 0.000839051
          32    -7.55087    -7.54656 0.000824248
          33     -7.5499    -7.54666 0.000805266
          34    -7.54022    -7.54647 0.000803868
          35    -7.54102    -7.54631 0.000795916
          36    -7.55446    -7.54654 0.000805914
          37    -7.54612    -7.54653  0.00078391
          38    -7.53631    -7.54626 0.000808991
          39    -7.54375     -7.5462 0.000790591
          40     -7.5529    -7.54636 0.000788575
          41    -7.54467    -7.54632 0.000770205
          42    -7.54083    -7.54619 0.000762937
          43    -7.54269    -7.54611 0.000749429
          44    -7.54766    -7.54614 0.000733044
          45    -7.53965      -7.546 0.000730964
          46    -7.54749    -7.54603 0.000715631
          47     -7.5498    -7.54611 0.000704807
          48     -7.5461    -7.54611 0.000689967
          49    -7.55135    -7.54622 0.000684129
          50     -7.5512    -7.54632 0.000677678
          51    -7.55247    -7.54644 0.000675131
          52     -7.5532    -7.54657 0.000674684
          53    -7.55254    -7.54668 0.000671364
          54    -7.54895    -7.54672 0.000660157
          55     -7.5448    -7.54669 0.000648991
          56    -7.54378    -7.54664 0.000639413
          57    -7.53354    -7.54641  0.00066879
          58    -7.54559    -7.54639 0.000657311
          59    -7.54721    -7.54641 0.000646222
          60    -7.53464    -7.54621 0.000664938
          61    -7.54964    -7.54627 0.000656354
          62    -7.55156    -7.54635  0.00065129
          63    -7.54449    -7.54632 0.000641553
          64    -7.55042    -7.54639 0.000634692
          65    -7.54804    -7.54641 0.000625366
          66    -7.54514    -7.54639 0.000616122
          67    -7.55126    -7.54647 0.000611184
          68    -7.54267    -7.54641 0.000604715
          69    -7.54799    -7.54643 0.000596327
          70     -7.5434    -7.54639 0.000589345
          71      -7.541    -7.54631  0.00058592
          72    -7.55396    -7.54642 0.000587407
          73    -7.54696    -7.54643 0.000579352
          74    -7.54215    -7.54637 0.000574383
          75    -7.54461    -7.54635 0.000567156
          76    -7.53819    -7.54624 0.000569841
          77    -7.53964    -7.54615 0.000568881
          78    -7.54861    -7.54618 0.000562422
          79    -7.54666    -7.54619  0.00055529
          80    -7.54494    -7.54617 0.000548527
          81    -7.54469    -7.54616 0.000542023
          82    -7.55743    -7.54629 0.000552754
          83    -7.54704     -7.5463 0.000546127
          84    -7.54051    -7.54623 0.000543975
          85    -7.55159     -7.5463 0.000541217
          86    -7.55271    -7.54637 0.000540058
          87    -7.55549    -7.54648 0.000544017
          88     -7.5398     -7.5464 0.000543124
          89     -7.5529    -7.54647  0.00054193
          90     -7.5374    -7.54637 0.000545278
          91    -7.53922    -7.54629 0.000544947
          92    -7.54193    -7.54625 0.000541078
          93    -7.54436    -7.54623 0.000535612
          94    -7.54149    -7.54618 0.000532277
          95    -7.54649    -7.54618 0.000526655
          96    -7.54092    -7.54612 0.000524014
          97    -7.55083    -7.54617 0.000520848
          98    -7.53533    -7.54606 0.000527253
          99     -7.5318    -7.54592 0.000541408
         100    -7.55168    -7.54598 0.000539054
