   0.0323165                   0                   0
   0.0969496                   0                   0
    0.161583                   0                   0
    0.226216                   0                   0
    0.290849                   0                   0
    0.355482                   0                   0
    0.420115                   0                   0
    0.484748                   0                   0
    0.549381                   0                   0
    0.614014                   0                   0
    0.678647                   0                   0
     0.74328                   0                   0
    0.807913                   0                   0
    0.872546         0.000838155         0.000307043
    0.937179            0.153204           0.0035869
     1.00181              1.0493           0.0112283
     1.06645             2.04576            0.015354
     1.13108             2.26866           0.0161923
     1.19571             2.07878           0.0154886
     1.26034             1.81133           0.0128191
     1.32498             1.62945           0.0094553
     1.38961             1.42917          0.00941389
     1.45424             1.34198          0.00795303
     1.51888             1.24845          0.00679159
     1.58351             1.18809          0.00787298
     1.64814              1.1471          0.00689596
     1.71278             1.11169          0.00633219
     1.77741             1.08908          0.00591895
     1.84204             1.07605          0.00605047
     1.90667             1.06389          0.00555898
     1.97131             1.05393          0.00520064
     2.03594             1.05546          0.00462509
     2.10057             1.04533          0.00475976
     2.16521             1.05537          0.00486133
     2.22984             1.04306          0.00475817
     2.29447              1.0449           0.0045492
     2.35911             1.03091          0.00414479
     2.42374             1.03128          0.00360031
     2.48837             1.02458          0.00386266
     2.55301             1.02424          0.00317876
     2.61764             1.01231          0.00389975
     2.68227             1.01602          0.00380928
      2.7469             1.00773           0.0032681
     2.81154             1.00203          0.00295652
     2.87617             1.00921           0.0034769
      2.9408            0.998061          0.00330001
     3.00544            0.997986          0.00335385
     3.07007             1.00068          0.00313524
      3.1347            0.998522          0.00278541
     3.19934            0.997847          0.00302461
     3.26397             0.99961          0.00318716
      3.3286            0.998633          0.00284463
     3.39323             0.99519          0.00287064
     3.45787            0.996701          0.00319507
      3.5225             0.98938          0.00259593
     3.58713            0.996021          0.00278529
     3.65177            0.993124          0.00268517
      3.7164            0.994848          0.00217286
     3.78103             0.98824          0.00251452
     3.84567            0.986443          0.00267879
      3.9103            0.986926          0.00253297
     3.97493            0.984066           0.0023578
     4.03957            0.986325           0.0024103
      4.1042            0.987037          0.00232628
     4.16883            0.985668          0.00224676
     4.23346            0.991979          0.00218213
      4.2981             0.98654          0.00223517
     4.36273            0.987138          0.00211209
     4.42736            0.988284          0.00220381
       4.492            0.991518          0.00209307
     4.55663            0.988937          0.00192661
     4.62126            0.986877          0.00220051
      4.6859             0.98786           0.0021278
     4.75053            0.985681          0.00186198
     4.81516            0.989768          0.00189245
     4.87979             0.98595           0.0018385
     4.94443             0.99118          0.00197723
     5.00906             0.98827          0.00166955
     5.07369            0.989531          0.00167368
     5.13833            0.985429          0.00156524
     5.20296            0.983952          0.00168532
     5.26759            0.987491          0.00185704
     5.33223            0.986406          0.00184367
     5.39686             0.98729          0.00160677
     5.46149             0.98301          0.00150458
     5.52612            0.989256          0.00164177
     5.59076            0.988386           0.0014117
     5.65539            0.987777          0.00170338
     5.72002            0.986616          0.00172366
     5.78466            0.988578          0.00174547
     5.84929            0.985195          0.00149244
     5.91392            0.987078          0.00146463
     5.97856            0.986388           0.0015607
     6.04319            0.986188          0.00158595
     6.10782            0.986216          0.00167288
     6.17246            0.986842          0.00161493
     6.23709            0.985719          0.00146452
     6.30172            0.987749           0.0013057
     6.36635            0.985445          0.00153863
     6.43099            0.988234          0.00143036
