           1   0.0490949   0.0490949           0
           2   0.0489515   0.0490232 7.16923e-05
           3   0.0491102   0.0490522 5.05419e-05
           4   0.0490296   0.0490465 3.61831e-05
           5   0.0488146   0.0490001 5.41947e-05
           6    0.049015   0.0490026 4.43194e-05
           7   0.0487647   0.0489686 5.05796e-05
           8   0.0490144   0.0489744 4.41751e-05
           9   0.0489242   0.0489688 3.93556e-05
          10   0.0489177   0.0489637 3.55688e-05
          11   0.0489915   0.0489662 3.22723e-05
          12   0.0491609   0.0489824 3.36344e-05
          13   0.0489452   0.0489796 3.10715e-05
          14   0.0489948   0.0489807 2.87871e-05
          15   0.0490886   0.0489879 2.77491e-05
          16   0.0490249   0.0489902 2.60599e-05
          17   0.0490962   0.0489964 2.52608e-05
          18   0.0489083   0.0489915 2.43137e-05
          19   0.0491341    0.048999 2.41922e-05
          20     0.04884   0.0489911 2.42881e-05
          21   0.0491567    0.048999 2.44121e-05
          22   0.0492973   0.0490125 2.69378e-05
          23   0.0490853   0.0490157 2.59335e-05
          24   0.0490234    0.049016 2.48315e-05
          25   0.0488986   0.0490113 2.42759e-05
          26   0.0491758   0.0490176 2.41663e-05
          27    0.049164   0.0490231  2.3878e-05
          28   0.0489752   0.0490213 2.30728e-05
          29   0.0491411   0.0490255  2.2643e-05
          30   0.0488578   0.0490199 2.25776e-05
          31   0.0490091   0.0490195   2.184e-05
          32   0.0492771   0.0490276 2.26267e-05
          33   0.0493347   0.0490369 2.38234e-05
          34   0.0491197   0.0490393 2.32399e-05
          35   0.0492637   0.0490457 2.34594e-05
          36   0.0489591   0.0490433  2.2925e-05
          37   0.0489015   0.0490395 2.26238e-05
          38   0.0489762   0.0490378 2.20834e-05
          39   0.0492106   0.0490423  2.1961e-05
          40   0.0489384   0.0490397 2.15618e-05
          41   0.0490975   0.0490411 2.10765e-05
          42   0.0492382   0.0490458 2.10971e-05
          43   0.0490836   0.0490467 2.06194e-05
          44   0.0490055   0.0490457  2.0167e-05
          45   0.0488057   0.0490404 2.04226e-05
          46   0.0488525   0.0490363 2.03873e-05
          47   0.0489261    0.049034 2.00861e-05
          48    0.049359   0.0490407 2.07968e-05
          49   0.0488765   0.0490374 2.06418e-05
          50   0.0488575   0.0490338 2.05421e-05
          51   0.0488169   0.0490295 2.05793e-05
          52   0.0490998   0.0490309 2.02249e-05
          53   0.0493775   0.0490374 2.08899e-05
          54   0.0490612   0.0490379 2.05041e-05
          55   0.0489165   0.0490357 2.02483e-05
          56   0.0490716   0.0490363 1.98938e-05
          57    0.049386   0.0490424 2.04823e-05
          58   0.0491005   0.0490434 2.01509e-05
          59   0.0489979   0.0490427 1.98214e-05
          60   0.0486946   0.0490369 2.03333e-05
          61   0.0488691   0.0490341 2.01855e-05
          62   0.0490743   0.0490348 1.98679e-05
          63   0.0488706   0.0490322 1.97228e-05
          64   0.0490407   0.0490323 1.94127e-05
          65    0.048885     0.04903 1.92455e-05
          66    0.048937   0.0490286 1.90039e-05
          67   0.0490066   0.0490283  1.8721e-05
          68   0.0491501   0.0490301 1.85305e-05
          69   0.0490957    0.049031 1.82847e-05
          70   0.0492408    0.049034 1.82691e-05
          71   0.0489119   0.0490323 1.80919e-05
          72   0.0489926   0.0490317 1.78473e-05
          73   0.0489526   0.0490307 1.76345e-05
          74   0.0490721   0.0490312 1.74036e-05
          75   0.0491858   0.0490333 1.72933e-05
          76   0.0490609   0.0490336 1.70681e-05
          77   0.0491732   0.0490355 1.69422e-05
          78   0.0486546   0.0490306 1.74219e-05
          79   0.0489732   0.0490299 1.72153e-05
          80   0.0488705   0.0490279 1.71151e-05
          81   0.0489753   0.0490272 1.69149e-05
          82   0.0491902   0.0490292 1.68252e-05
          83   0.0488123   0.0490266 1.68254e-05
          84   0.0489109   0.0490252 1.66809e-05
          85   0.0487318   0.0490218  1.6841e-05
          86   0.0490395    0.049022 1.66453e-05
          87   0.0489383    0.049021  1.6481e-05
          88   0.0492439   0.0490235 1.64884e-05
          89   0.0493625   0.0490273  1.6741e-05
          90   0.0491212   0.0490284 1.65867e-05
          91   0.0491056   0.0490292 1.64254e-05
          92   0.0491205   0.0490302 1.62761e-05
          93   0.0489927   0.0490298 1.61052e-05
          94   0.0491884   0.0490315 1.60219e-05
          95   0.0490334   0.0490315 1.58524e-05
          96   0.0490961   0.0490322 1.57008e-05
          97   0.0491588   0.0490335 1.55928e-05
          98   0.0490279   0.0490334  1.5433e-05
          99    0.048957   0.0490327 1.52958e-05
         100   0.0488468   0.0490308 1.52557e-05
