   0.0128248                   0                   0
   0.0384745                   0                   0
   0.0641241                   0                   0
   0.0897737                   0                   0
    0.115423                   0                   0
    0.141073                   0                   0
    0.166723                   0                   0
    0.192372                   0                   0
    0.218022                   0                   0
    0.243672                   0                   0
    0.269321                   0                   0
    0.294971                   0                   0
     0.32062                   0                   0
     0.34627                   0                   0
     0.37192                   0                   0
    0.397569                   0                   0
    0.423219                   0                   0
    0.448869                   0                   0
    0.474518                   0                   0
    0.500168                   0                   0
    0.525818                   0                   0
    0.551467                   0                   0
    0.577117                   0                   0
    0.602767                   0                   0
    0.628416                   0                   0
    0.654066                   0                   0
    0.679715                   0                   0
    0.705365                   0                   0
    0.731015                   0                   0
    0.756664                   0                   0
    0.782314                   0                   0
    0.807964                   0                   0
    0.833613                   0                   0
    0.859263         1.49783e-05         2.42384e-06
    0.884913          0.00126755         2.52288e-05
    0.910562           0.0240876         0.000106966
    0.936212            0.165264         0.000369507
    0.961861            0.564633         0.000771617
    0.987511              1.2017          0.00113595
     1.01316              1.8631          0.00122492
     1.03881              2.3371           0.0012493
     1.06446             2.55288          0.00106795
     1.09011              2.5507         0.000947131
     1.11576             2.40495         0.000910918
     1.14141             2.19922         0.000952257
     1.16706              1.9727         0.000978356
     1.19271             1.75418         0.000955393
     1.21836             1.55848         0.000948424
     1.24401             1.38888         0.000861249
     1.26966             1.24412         0.000809885
     1.29531             1.12457         0.000762202
     1.32096             1.02349         0.000709313
     1.34661            0.941103          0.00060436
     1.37226            0.872576         0.000499366
     1.39791            0.818019         0.000522327
     1.42355            0.772717         0.000446227
      1.4492            0.738192         0.000475257
     1.47485            0.711134         0.000532041
      1.5005            0.691133         0.000511764
     1.52615             0.67841         0.000501269
      1.5518            0.672035         0.000467862
     1.57745             0.67108         0.000487646
      1.6031            0.676152         0.000496134
     1.62875             0.68678         0.000531584
      1.6544            0.702266         0.000529315
     1.68005            0.723715         0.000481148
      1.7057            0.749903         0.000454617
     1.73135            0.780663         0.000488566
       1.757            0.815273         0.000454204
     1.78265             0.85395         0.000416971
      1.8083            0.894296         0.000456151
     1.83395             0.93595         0.000496743
      1.8596            0.978083         0.000528287
     1.88525             1.01872          0.00052342
      1.9109             1.05809          0.00052697
     1.93655             1.09532         0.000463538
      1.9622             1.13048         0.000479251
     1.98785             1.16004         0.000453924
      2.0135              1.1857         0.000495261
     2.03915             1.20301         0.000398019
      2.0648             1.21344         0.000373357
     2.09045             1.21485         0.000443548
      2.1161             1.20824         0.000414827
     2.14174             1.19435         0.000430905
     2.16739              1.1749         0.000434747
     2.19304             1.15053         0.000439695
     2.21869             1.12408         0.000455848
     2.24434             1.09566         0.000405477
     2.26999             1.06661         0.000415598
     2.29564              1.0386         0.000395786
     2.32129             1.01246         0.000398703
     2.34694            0.988274          0.00040806
     2.37259            0.965877         0.000380982
     2.39824             0.94747         0.000361322
     2.42389            0.931062         0.000321612
     2.44954            0.918752         0.000375827
     2.47519            0.908931         0.000380826
     2.50084            0.894722         0.000370637
     2.52649            0.885376         0.000380309
     2.55214            0.885971         0.000399392
