           1   -0.413986   -0.413986           0
           2   -0.412874    -0.41343 0.000556066
           3   -0.413914   -0.413591 0.000359375
           4    -0.41382   -0.413648 0.000260474
           5   -0.412792   -0.413477 0.000264673
           6   -0.415432   -0.413803 0.000390928
           7   -0.414041   -0.413837 0.000332138
           8   -0.412135   -0.413624  0.00035779
           9   -0.414146   -0.413682 0.000320836
          10   -0.416119   -0.413926 0.000376503
          11   -0.413758   -0.413911   0.0003409
          12   -0.415051   -0.414006 0.000325381
          13   -0.415944   -0.414155 0.000334392
          14     -0.4142   -0.414158 0.000309604
          15   -0.412641   -0.414057 0.000305459
          16   -0.415609   -0.414154 0.000301742
          17   -0.414551   -0.414177 0.000284396
          18   -0.414333   -0.414186 0.000268272
          19   -0.414338   -0.414194 0.000253887
          20   -0.414497   -0.414209 0.000241334
          21    -0.41516   -0.414254 0.000233982
          22     -0.4167   -0.414365 0.000249248
          23   -0.414653   -0.414378 0.000238492
          24   -0.414328   -0.414376 0.000228348
          25   -0.412111   -0.414285 0.000237016
          26    -0.41617   -0.414358  0.00023898
          27   -0.412006   -0.414271 0.000245897
          28   -0.416544   -0.414352  0.00025047
          29   -0.413085   -0.414308 0.000245598
          30   -0.414718   -0.414322 0.000237663
          31   -0.413743   -0.414303 0.000230625
          32   -0.414907   -0.414322 0.000224098
          33   -0.414522   -0.414328 0.000217285
          34   -0.411889   -0.414256 0.000222666
          35   -0.412286     -0.4142 0.000223419
          36   -0.415659   -0.414241 0.000220874
          37    -0.41327   -0.414214 0.000216418
          38   -0.415004   -0.414235 0.000211668
          39   -0.413813   -0.414224 0.000206453
          40   -0.413536   -0.414207 0.000201961
          41   -0.416792    -0.41427 0.000206819
          42   -0.411234   -0.414198 0.000214391
          43   -0.412454   -0.414157 0.000213237
          44   -0.413036   -0.414132 0.000209888
          45   -0.411957   -0.414084 0.000210786
          46   -0.413257   -0.414066 0.000206934
          47   -0.415252   -0.414091 0.000204052
          48   -0.415311   -0.414116 0.000201366
          49   -0.416953   -0.414174 0.000205539
          50   -0.416615   -0.414223 0.000207219
          51   -0.417337   -0.414284 0.000212093
          52   -0.414756   -0.414293 0.000208172
          53   -0.413081    -0.41427 0.000205484
          54   -0.415549   -0.414294 0.000203028
          55   -0.417025   -0.414344 0.000205395
          56   -0.411546   -0.414294 0.000207789
          57   -0.412538   -0.414263 0.000206422
          58   -0.413588   -0.414251 0.000203166
          59   -0.413653   -0.414241  0.00019995
          60   -0.417063   -0.414288 0.000202138
          61   -0.412847   -0.414264 0.000200195
          62   -0.414793   -0.414273 0.000197124
          63   -0.411572    -0.41423 0.000198651
          64   -0.417592   -0.414283 0.000202455
          65   -0.414147   -0.414281 0.000199327
          66   -0.412672   -0.414256 0.000197791
          67   -0.413432   -0.414244 0.000195204
          68   -0.413541   -0.414233  0.00019259
          69   -0.416124   -0.414261 0.000191745
          70   -0.411821   -0.414226 0.000192174
          71   -0.414167   -0.414225  0.00018945
          72   -0.414029   -0.414222  0.00018682
          73   -0.414197   -0.414222 0.000184243
          74    -0.41705    -0.41426 0.000185711
          75   -0.411106   -0.414218 0.000187983
          76   -0.412834     -0.4142 0.000186385
          77     -0.4139   -0.414196  0.00018399
          78   -0.414084   -0.414195 0.000181622
          79   -0.410525   -0.414148 0.000185226
          80   -0.414181   -0.414149 0.000182896
          81   -0.415356   -0.414164 0.000181239
          82   -0.416375   -0.414191 0.000181035
          83   -0.412873   -0.414175 0.000179543
          84     -0.4179   -0.414219 0.000182853
          85   -0.414826   -0.414226 0.000180831
          86   -0.415228   -0.414238 0.000179095
          87   -0.412738   -0.414221 0.000177862
          88   -0.412127   -0.414197 0.000177431
          89   -0.415326   -0.414209 0.000175885
          90   -0.412669   -0.414192  0.00017476
          91   -0.414133   -0.414192  0.00017283
          92   -0.414082   -0.414191 0.000170945
          93   -0.413424   -0.414182 0.000169298
          94   -0.412608   -0.414166 0.000168322
          95   -0.414468   -0.414169 0.000166572
          96   -0.410649   -0.414132 0.000168855
          97   -0.415429   -0.414145 0.000167639
          98   -0.413109   -0.414135 0.000166256
          99   -0.417355   -0.414167 0.000167751
         100   -0.417123   -0.414197 0.000168675
