   0.0115332                   0                   0
   0.0345996                   0                   0
   0.0576661                   0                   0
   0.0807325                   0                   0
    0.103799                   0                   0
    0.126865                   0                   0
    0.149932                   0                   0
    0.172998                   0                   0
    0.196065                   0                   0
    0.219131                   0                   0
    0.242198                   0                   0
    0.265264                   0                   0
     0.28833                   0                   0
    0.311397                   0                   0
    0.334463                   0                   0
     0.35753                   0                   0
    0.380596                   0                   0
    0.403663                   0                   0
    0.426729                   0                   0
    0.449795                   0                   0
    0.472862                   0                   0
    0.495928                   0                   0
    0.518995                   0                   0
    0.542061                   0                   0
    0.565128                   0                   0
    0.588194                   0                   0
     0.61126                   0                   0
    0.634327                   0                   0
    0.657393                   0                   0
     0.68046                   0                   0
    0.703526                   0                   0
    0.726593                   0                   0
    0.749659                   0                   0
    0.772725                   0                   0
    0.795792                   0                   0
    0.818858                   0                   0
    0.841925                   0                   0
    0.864991          1.5524e-07          1.5524e-07
    0.888058         8.51284e-05         5.62713e-06
    0.911124          0.00336308         3.09816e-05
     0.93419           0.0472397         0.000132113
    0.957257            0.293731         0.000473465
    0.980323             1.00805         0.000878743
     1.00339             2.24057           0.0011567
     1.02646             3.62535          0.00108011
     1.04952             4.61854          0.00112467
     1.07259             4.89748          0.00138117
     1.09566              4.4892           0.0016525
     1.11872             3.65856          0.00136349
     1.14179             2.69311          0.00103348
     1.16485              1.8157         0.000628134
     1.18792             1.13016         0.000573598
     1.21099            0.654354         0.000547476
     1.23405            0.353943          0.00050953
     1.25712            0.179909         0.000385868
     1.28019           0.0894262         0.000303721
     1.30325           0.0493322          0.00022691
     1.32632           0.0423345         0.000199532
     1.34939           0.0606994         0.000240629
     1.37245             0.10595         0.000293718
     1.39552            0.184088         0.000318143
     1.41859            0.300208         0.000308491
     1.44165            0.453162         0.000279019
     1.46472            0.627988         0.000306483
     1.48778            0.797145          0.00041106
     1.51085            0.922451         0.000572609
     1.53392            0.971104         0.000701505
     1.55698            0.929018         0.000598424
     1.58005            0.808341         0.000468409
     1.60312            0.640802         0.000324363
     1.62618             0.46516         0.000276578
     1.64925            0.316676         0.000338766
     1.67232            0.219572         0.000392562
     1.69538            0.192203         0.000441665
     1.71845            0.255372         0.000520597
     1.74152            0.433891         0.000613592
     1.76458            0.750388         0.000691548
     1.78765             1.19828         0.000549264
     1.81071             1.72695         0.000399833
     1.83378             2.23511         0.000567878
     1.85685             2.59705          0.00101448
     1.87991             2.71186          0.00122765
     1.90298             2.55704          0.00120325
     1.92605             2.18083         0.000795165
     1.94911             1.68985         0.000357106
     1.97218             1.20122           0.0003735
     1.99525            0.802253         0.000559574
     2.01831             0.54282         0.000677069
     2.04138            0.434502         0.000642418
     2.06445            0.461723         0.000552617
     2.08751            0.586918         0.000382008
     2.11058             0.75843          0.00026042
     2.13364            0.917203         0.000270904
     2.15671             1.01414         0.000439627
     2.17978             1.02086         0.000496722
     2.20284            0.919129         0.000413043
     2.22591            0.780714         0.000240836
     2.24898            0.653826         0.000303557
     2.27204            0.572368         0.000505222
     2.29511             0.57328         0.000639354
