           1     1.28714     1.28714           0
           2     1.41763     1.35239   0.0652444
           3     1.40632     1.37036   0.0417386
           4     1.36209      1.3683   0.0295861
           5     1.41691     1.37802   0.0248944
           6     1.42147     1.38526    0.021578
           7     1.45049     1.39458   0.0204798
           8      1.3824     1.39306   0.0178013
           9     1.39112     1.39284   0.0157007
          10     1.47129     1.40069   0.0160859
          11     1.35435     1.39647   0.0151477
          12     1.42044     1.39847   0.0139714
          13     1.40196     1.39874   0.0128546
          14     1.39519     1.39849   0.0119037
          15     1.41535     1.39961   0.0111386
          16     1.38575     1.39874   0.0104552
          17     1.36537     1.39678   0.0100152
          18     1.38611     1.39619    0.009461
          19     1.39484     1.39612  0.00894949
          20     1.37567      1.3951  0.00855159
          21     1.40955     1.39578  0.00816326
          22      1.3929     1.39565  0.00778446
          23     1.38981      1.3954  0.00744265
          24     1.42363     1.39657  0.00722222
          25     1.38618     1.39616  0.00693979
          26     1.37606     1.39539  0.00671218
          27     1.34097     1.39337  0.00676599
          28     1.38241     1.39298   0.0065316
          29     1.41832     1.39385  0.00636264
          30     1.32642     1.39161  0.00654503
          31     1.38663     1.39144  0.00633241
          32     1.30058     1.38861  0.00675687
          33     1.45415     1.39059  0.00684349
          34     1.50325     1.39391  0.00742006
          35     1.36497     1.39308  0.00725222
          36     1.36435     1.39228  0.00709294
          37     1.41565     1.39291  0.00692742
          38     1.41347     1.39345  0.00676433
          39     1.39963     1.39361  0.00659051
          40     1.40467     1.39389  0.00642958
          41     1.42314      1.3946  0.00631125
          42     1.38014     1.39426  0.00616876
          43     1.39013     1.39416  0.00602436
          44     1.45537     1.39555    0.006048
          45     1.42037      1.3961  0.00593775
          46     1.44289     1.39712  0.00589564
          47     1.35758     1.39628  0.00582986
          48     1.42144      1.3968  0.00573114
          49     1.40685     1.39701  0.00561671
          50     1.32862     1.39564  0.00567063
          51     1.40408     1.39581  0.00556079
          52     1.31791     1.39431  0.00565484
          53     1.38376     1.39411  0.00555069
          54     1.37781     1.39381  0.00545528
          55      1.3895     1.39373  0.00535575
          56     1.41833     1.39417  0.00527757
          57     1.41694     1.39457  0.00519952
          58     1.41836     1.39498  0.00512553
          59     1.33331     1.39393  0.00514519
          60     1.42187      1.3944   0.0050801
          61     1.37986     1.39416   0.0050018
          62     1.39241     1.39413  0.00492054
          63     1.42342      1.3946  0.00486407
          64     1.43039     1.39516  0.00482003
          65       1.408     1.39535  0.00474941
          66     1.44275     1.39607  0.00473171
          67     1.35322     1.39543  0.00470422
          68     1.32927     1.39446  0.00473557
          69     1.41814      1.3948  0.00467904
          70     1.50789     1.39642  0.00488651
          71     1.41991     1.39675  0.00482854
          72      1.3972     1.39676  0.00476101
          73     1.42505     1.39714   0.0047113
          74     1.41408     1.39737  0.00465283
          75     1.37346     1.39705  0.00460144
          76     1.47073     1.39802  0.00464283
          77       1.364     1.39758  0.00460339
          78     1.37066     1.39724  0.00455708
          79     1.41006      1.3974  0.00450195
          80     1.32997     1.39655  0.00452453
          81      1.4196     1.39684  0.00447737
          82      1.3362      1.3961  0.00448384
          83     1.38344     1.39595  0.00443211
          84     1.40601     1.39607  0.00438067
          85     1.36676     1.39572  0.00434253
          86     1.29325     1.39453  0.00445407
          87     1.43766     1.39503   0.0044304
          88     1.38746     1.39494  0.00438061
          89     1.35609      1.3945  0.00435306
          90     1.47359     1.39538  0.00439321
          91     1.46212     1.39612  0.00440612
          92     1.40946     1.39626  0.00436038
          93     1.38373     1.39613  0.00431534
          94     1.36287     1.39577  0.00428382
          95     1.50003     1.39687  0.00437826
          96     1.38854     1.39678  0.00433328
          97     1.44737      1.3973  0.00431997
          98     1.43353     1.39767   0.0042916
          99     1.41375     1.39784  0.00425113
         100     1.42449      1.3981  0.00421684
