           1    -5.48676    -5.48676           0
           2    -5.45897    -5.47287   0.0138907
           3    -5.45972    -5.46848  0.00913939
           4    -5.46734     -5.4682  0.00646884
           5    -5.45943    -5.46644  0.00530888
           6    -5.46373    -5.46599  0.00435814
           7    -5.45795    -5.46484  0.00385843
           8    -5.46579    -5.46496   0.0033436
           9    -5.46416    -5.46487  0.00295012
          10    -5.45138    -5.46352  0.00296375
          11      -5.471     -5.4642  0.00276567
          12    -5.46134    -5.46396  0.00253592
          13    -5.46574     -5.4641   0.0023367
          14    -5.46339    -5.46405  0.00216396
          15    -5.46152    -5.46388  0.00202157
          16    -5.46379    -5.46388  0.00189101
          17    -5.46989    -5.46423  0.00181117
          18    -5.46382    -5.46421  0.00170774
          19    -5.46964    -5.46449  0.00164047
          20    -5.46936    -5.46474  0.00157523
          21    -5.46492    -5.46474  0.00149836
          22    -5.45821    -5.46445  0.00145922
          23     -5.4658    -5.46451  0.00139557
          24    -5.45904    -5.46428  0.00135542
          25     -5.4639    -5.46426  0.00130016
          26    -5.46965    -5.46447  0.00126619
          27    -5.47069     -5.4647  0.00123996
          28    -5.46487    -5.46471  0.00119487
          29    -5.45815    -5.46448  0.00117487
          30    -5.47487    -5.46483  0.00118672
          31    -5.46925    -5.46497  0.00115663
          32    -5.48292    -5.46553  0.00125248
          33    -5.45215    -5.46512  0.00127989
          34    -5.44305    -5.46448  0.00140114
          35    -5.47468    -5.46477  0.00139142
          36    -5.46793    -5.46485  0.00135507
          37    -5.46301     -5.4648  0.00131888
          38    -5.45633    -5.46458  0.00130295
          39    -5.46355    -5.46456  0.00126938
          40    -5.46198    -5.46449  0.00123891
          41    -5.46286    -5.46445  0.00120897
          42    -5.46368    -5.46443  0.00117998
          43    -5.46694    -5.46449  0.00115369
          44    -5.45281    -5.46423  0.00115802
          45    -5.45756    -5.46408  0.00114164
          46    -5.45356    -5.46385  0.00113972
          47    -5.46996    -5.46398  0.00112277
          48    -5.45868    -5.46387  0.00110466
          49     -5.4622    -5.46383  0.00108242
          50    -5.47816    -5.46412  0.00109858
          51    -5.46446    -5.46413  0.00107685
          52    -5.47668    -5.46437  0.00108319
          53    -5.46559    -5.46439  0.00106281
          54    -5.47206    -5.46453  0.00105257
          55    -5.46636    -5.46457  0.00103379
          56    -5.46142    -5.46451  0.00101672
          57    -5.45807     -5.4644  0.00100509
          58    -5.46063    -5.46433 0.000989744
          59    -5.47415     -5.4645  0.00098695
          60    -5.46193    -5.46446 0.000971309
          61    -5.46435    -5.46445 0.000955255
          62    -5.46792    -5.46451 0.000941386
          63    -5.45897    -5.46442 0.000930495
          64    -5.45938    -5.46434 0.000919227
          65    -5.46345    -5.46433 0.000905079
          66    -5.45435    -5.46418 0.000904008
          67    -5.47113    -5.46428 0.000896436
          68    -5.48141    -5.46453 0.000918361
          69    -5.45935    -5.46446 0.000908071
          70    -5.43992    -5.46411 0.000961214
          71    -5.46254    -5.46409 0.000947837
          72    -5.46289    -5.46407 0.000934726
          73    -5.45831    -5.46399 0.000925208
          74     -5.4603    -5.46394  0.00091398
          75    -5.46563    -5.46396 0.000901994
          76    -5.45012    -5.46378 0.000908492
          77    -5.47212    -5.46389 0.000903129
          78    -5.47052    -5.46397 0.000895519
          79    -5.46419    -5.46398 0.000884115
          80    -5.47412     -5.4641 0.000882157
          81    -5.46013    -5.46406 0.000872582
          82    -5.47421    -5.46418 0.000870729
          83    -5.46589     -5.4642 0.000860421
          84    -5.46262    -5.46418 0.000850325
          85    -5.46871    -5.46423 0.000841952
          86    -5.48103    -5.46443 0.000854724
          87    -5.45592    -5.46433  0.00085048
          88     -5.4643    -5.46433  0.00084076
          89    -5.47478    -5.46445 0.000839501
          90    -5.44917    -5.46428 0.000847293
          91    -5.44977    -5.46412 0.000852968
          92    -5.46073    -5.46408 0.000844452
          93    -5.46602     -5.4641 0.000835581
          94    -5.47149    -5.46418 0.000830368
          95    -5.44661      -5.464 0.000842138
          96    -5.46466      -5.464 0.000833349
          97    -5.45822    -5.46394 0.000826863
          98    -5.45686    -5.46387 0.000821566
          99    -5.46196    -5.46385 0.000813455
         100    -5.46066    -5.46382 0.000805911
