   0.0115332                   0                   0
   0.0345996                   0                   0
   0.0576661                   0                   0
   0.0807325                   0                   0
    0.103799                   0                   0
    0.126865                   0                   0
    0.149932                   0                   0
    0.172998                   0                   0
    0.196065                   0                   0
    0.219131                   0                   0
    0.242198                   0                   0
    0.265264                   0                   0
     0.28833                   0                   0
    0.311397                   0                   0
    0.334463                   0                   0
     0.35753                   0                   0
    0.380596                   0                   0
    0.403663                   0                   0
    0.426729                   0                   0
    0.449795                   0                   0
    0.472862                   0                   0
    0.495928                   0                   0
    0.518995                   0                   0
    0.542061                   0                   0
    0.565128                   0                   0
    0.588194                   0                   0
     0.61126                   0                   0
    0.634327                   0                   0
    0.657393                   0                   0
     0.68046                   0                   0
    0.703526                   0                   0
    0.726593                   0                   0
    0.749659                   0                   0
    0.772725                   0                   0
    0.795792                   0                   0
    0.818858                   0                   0
    0.841925                   0                   0
    0.864991                   0                   0
    0.888058         5.15484e-05         2.39939e-05
    0.911124          0.00321113         0.000252358
     0.93419           0.0471954         0.000985908
    0.957257            0.293191          0.00294431
    0.980323             1.00659          0.00624472
     1.00339             2.23069          0.00692494
     1.02646             3.62514          0.00702601
     1.04952             4.61918          0.00746628
     1.07259             4.89838          0.00908164
     1.09566             4.48371           0.0110148
     1.11872             3.67419          0.00906485
     1.14179             2.69993          0.00606546
     1.16485             1.82307          0.00430513
     1.18792              1.1319          0.00362029
     1.21099            0.648923          0.00367775
     1.23405            0.353763          0.00297581
     1.25712            0.176448          0.00226859
     1.28019           0.0866557          0.00180935
     1.30325           0.0468497          0.00129586
     1.32632           0.0411272          0.00120211
     1.34939           0.0601373          0.00130002
     1.37245            0.105601          0.00163248
     1.39552            0.185498          0.00207099
     1.41859            0.300558          0.00217492
     1.44165            0.454008          0.00215734
     1.46472            0.626883          0.00211621
     1.48778            0.798915          0.00294216
     1.51085            0.920148          0.00346671
     1.53392            0.971992          0.00352762
     1.55698            0.926137          0.00344373
     1.58005            0.808769          0.00246571
     1.60312            0.642649          0.00206174
     1.62618            0.468987          0.00179119
     1.64925            0.313701           0.0017376
     1.67232             0.21843          0.00209131
     1.69538            0.192337          0.00251412
     1.71845            0.253759          0.00310204
     1.74152            0.430474          0.00355237
     1.76458            0.747872          0.00361358
     1.78765             1.19499          0.00325535
     1.81071              1.7281          0.00260086
     1.83378             2.23398          0.00409333
     1.85685             2.60295           0.0062738
     1.87991             2.72065          0.00688378
     1.90298             2.56296           0.0061822
     1.92605             2.18025          0.00468649
     1.94911             1.68804          0.00304234
     1.97218             1.19893          0.00268299
     1.99525            0.801301          0.00321485
     2.01831            0.541716          0.00369835
     2.04138             0.42963          0.00354893
     2.06445            0.458645          0.00287686
     2.08751            0.584857          0.00230988
     2.11058            0.756573          0.00173099
     2.13364            0.920368          0.00197021
     2.15671             1.01649          0.00259021
     2.17978             1.02641          0.00279153
     2.20284            0.921229          0.00226099
     2.22591            0.782618           0.0017062
     2.24898            0.653976          0.00187005
     2.27204            0.571645          0.00290094
     2.29511            0.571303          0.00360978
