0
0.000137998
8.43176e-05
0.00358591
0.00402727
0.0033572
0.00314173
0.00401233
0.0038188
0.00351072
0.0031841
0.00296927
0.00277383
0.00269337
0.00251006
0.00238675
0.00224832
0.00248567
0.0023577
0.0023403
0.00223051
0.00212828
0.0020422
0.00204689
0.00197442
0.00191869
0.00184867
0.00178737
0.00180868
0.00174943
0.0017197
0.00166648
0.00161563
0.00160455
0.00156311
0.00153771
0.00149709
0.00148835
0.00146192
0.00142777
0.0013997
0.00138421
0.00145438
0.00142653
0.0014157
0.00141743
0.00139797
0.00136985
0.00135703
0.00134035
0.00131812
0.00129549
0.00129125
0.00127037
0.00125053
0.00122843
0.00121701
0.00120771
0.00119724
0.0011867
0.00116742
0.00115113
0.00113277
0.00111678
0.00109948
0.00109643
0.00108071
0.00106494
0.00104951
0.00105146
0.00103656
0.00104391
0.00107818
0.00108515
0.00107149
0.00106555
0.00105367
0.00105579
0.00104806
0.00103674
0.00103415
0.00102164
0.00103465
0.00102573
0.00103055
0.00103267
0.00102269
0.0010112
0.00100627
0.000995739
0.000984788
0.000977201
0.000968042
0.000958726
0.000948734
0.000938919
0.000929304
0.000947781
0.000945507
0.000938144
