0
0.000165045
0.00185136
0.00135468
0.00191378
0.00177365
0.00177931
0.00154769
0.00153482
0.00146332
0.00189302
0.00185566
0.00173957
0.00170161
0.00158967
0.00149237
0.00140353
0.00137508
0.00135765
0.00129331
0.00134489
0.00129959
0.0012429
0.0011981
0.0011493
0.00111115
0.00106955
0.00105888
0.00103883
0.00101819
0.000985329
0.000967659
0.000969655
0.000979047
0.00095206
0.000941709
0.000936567
0.00091362
0.000890133
0.000877183
0.00085559
0.000837423
0.000817754
0.000806757
0.000803968
0.00081798
0.000800405
0.00078433
0.000768158
0.000754871
0.000740883
0.000731433
0.000720946
0.000712497
0.000704811
0.000700192
0.000689264
0.000701232
0.000694926
0.000683911
0.000676382
0.000666613
0.00065701
0.000647345
0.000647472
0.000638277
0.000628684
0.000628869
0.000634626
0.00064018
0.000631528
0.000622735
0.000664524
0.000655952
0.000650047
0.000641734
0.000634724
0.000632013
0.000627993
0.000625978
0.000622244
0.000615852
0.000625582
0.000619098
0.000626331
0.000622268
0.000618401
0.000612045
0.000611252
0.000605308
0.000601128
0.000594732
0.000589632
0.000583475
0.000591525
0.000586411
0.000581785
0.000588862
0.000584093
0.000582796
