3.14669
3.14702
3.14131
3.14361
3.13665
3.13802
3.13551
3.1401
3.1348
3.14548
3.12603
3.14768
3.1446
3.13289
3.14202
3.14218
3.13912
3.13349
3.13245
3.1418
3.15098
3.14476
3.14153
3.14372
3.14092
3.13731
3.14114
3.14724
3.13523
3.14564
3.13966
3.14581
3.13267
3.14977
3.14262
3.14718
3.14828
3.14356
3.14048
3.13611
3.1407
3.14383
3.14087
3.13627
3.14812
3.13087
3.14076
3.13933
3.14103
3.13808
3.14284
3.14537
3.13731
3.14553
3.13627
3.14691
3.13851
3.13049
3.13562
3.14257
3.13643
3.14323
3.1384
3.14262
3.13332
3.13868
3.14043
3.14801
3.15016
3.13131
3.13906
3.1412
3.15922
3.13912
3.13633
3.14235
3.1441
3.1474
3.1354
3.14779
3.13529
3.14416
3.15308
3.14416
3.15259
3.13583
3.13567
3.14378
3.14889
3.13835
3.13627
3.13988
3.14487
3.13999
3.15347
3.14476
3.14537
3.12935
3.13758
3.13398
