3.15225
3.15212
3.15214
3.14856
3.14564
3.14497
3.14631
3.14337
3.1448
3.14561
3.14585
3.14524
3.14476
3.14557
3.14545
3.14588
3.14571
3.14441
3.14459
3.1439
3.14404
3.14396
3.14377
3.14317
3.14337
3.14309
3.14299
3.14314
3.14259
3.14268
3.14299
3.14292
3.14296
3.1433
3.14317
3.14293
3.143
3.1433
3.14312
3.14303
3.14317
3.14294
3.14241
3.14253
3.14278
3.14308
3.14326
3.14319
3.1434
3.14357
3.14367
3.14376
3.14353
3.14344
3.14354
3.14357
3.14373
3.1439
3.14405
3.1442
3.14423
3.14431
3.14432
3.14426
3.14426
3.14443
3.14439
3.14442
3.1444
3.14421
3.14421
3.14399
3.14367
3.14346
3.14341
3.14355
3.14361
3.14343
3.14332
3.14326
3.14311
3.14309
3.14287
3.14278
3.14259
3.14242
3.14236
3.14234
3.14223
3.14219
3.1422
3.14228
3.14233
3.14238
3.14239
3.14241
3.14242
3.14265
3.14277
3.1427
