3.14669
3.14685
3.145
3.14466
3.14306
3.14222
3.14126
3.14111
3.14041
3.14092
3.13956
3.14024
3.14058
3.14003
3.14016
3.14029
3.14022
3.13984
3.13945
3.13957
3.14011
3.14033
3.14038
3.14052
3.14053
3.14041
3.14044
3.14068
3.14049
3.14066
3.14063
3.14079
3.14055
3.14082
3.14087
3.14105
3.14124
3.1413
3.14128
3.14115
3.14114
3.1412
3.1412
3.14108
3.14124
3.14102
3.14101
3.14098
3.14098
3.14092
3.14096
3.14104
3.14097
3.14106
3.14097
3.14108
3.14103
3.14085
3.14076
3.14079
3.14072
3.14076
3.14072
3.14075
3.14064
3.14061
3.14061
3.14071
3.14085
3.14071
3.14069
3.1407
3.14095
3.14093
3.14087
3.14089
3.14093
3.14101
3.14094
3.14103
3.14095
3.14099
3.14114
3.14117
3.14131
3.14124
3.14118
3.14121
3.1413
3.14126
3.14121
3.14119
3.14123
3.14122
3.14135
3.14139
3.14143
3.1413
3.14127
3.14119
