-5.67148
-5.67018
-5.67083
-5.67018
-5.67115
-5.6718
-5.66953
-5.67115
-5.6705
-5.67244
-5.67341
-5.67406
-5.67407
-5.67374
-5.67471
-5.67374
-5.67245
-5.6731
-5.67342
-5.6744
-5.67504
-5.67601
-5.67569
-5.67666
-5.67439
-5.67665
-5.67665
-5.67924
-5.67698
-5.67439
-5.67406
-5.67277
-5.6718
-5.67245
-5.6718
-5.67213
-5.67439
-5.67375
-5.67278
-5.67342
-5.67245
-5.67407
-5.67569
-5.67666
-5.67472
-5.67504
-5.6744
-5.67278
-5.67213
-5.67504
-5.67343
-5.67375
-5.67181
-5.67148
-5.67148
-5.67277
-5.67245
-5.67342
-5.67342
-5.6731
-5.67439
-5.67407
-5.67407
-5.67375
-5.67181
-5.67019
-5.66857
-5.6676
-5.67148
-5.67148
-5.67148
-5.67245
-5.67278
-5.67278
-5.67407
-5.67407
-5.67407
-5.6731
-5.67504
-5.67504
-5.67407
-5.67181
-5.67343
-5.67408
-5.67343
-5.67375
-5.67084
-5.67084
-5.67148
-5.67149
-5.67278
-5.67117
-5.67181
-5.67019
-5.67019
-5.66922
-5.66922
-5.66858
-5.66825
-5.66825
-5.66695
-5.66792
-5.66986
-5.66987
-5.67116
-5.67213
-5.67214
-5.67343
-5.67538
-5.67376
-5.67408
-5.67732
-5.67441
-5.677
-5.67505
-5.67505
-5.67441
-5.67537
-5.6744
-5.67278
-5.67278
-5.67343
-5.67084
-5.67052
-5.67246
-5.67408
-5.67376
-5.67472
-5.6744
-5.6757
-5.67634
-5.67667
-5.67732
-5.6744
-5.67473
-5.67505
-5.67344
-5.67441
-5.67538
-5.6757
-5.6757
-5.67472
-5.67472
-5.67375
-5.67376
-5.67246
-5.67149
-5.67084
-5.67117
-5.67214
-5.67214
-5.67343
-5.67538
-5.67376
-5.67343
-5.67343
-5.67473
-5.6744
-5.6731
-5.67213
-5.67019
-5.66922
-5.66954
-5.67083
-5.67278
-5.67278
-5.67181
-5.67051
-5.67116
-5.66986
-5.67084
-5.67116
-5.67051
-5.67084
-5.67084
-5.67148
-5.67375
-5.67408
-5.67343
-5.67343
-5.67278
-5.67148
-5.67051
-5.67083
-5.67245
-5.67116
-5.67116
-5.67245
-5.67084
-5.67084
-5.67019
-5.67149
-5.67246
-5.67148
-5.67181
-5.67278
-5.67245
-5.66889
-5.66792
-5.66727
-5.66954
-5.67019
-5.67051
-5.66986
-5.67149
-5.67149
-5.67279
-5.67246
-5.67408
-5.67343
-5.67149
-5.67343
-5.67343
-5.67473
-5.67732
-5.67667
-5.67635
-5.6757
-5.67667
-5.67569
-5.67602
-5.67407
-5.67245
-5.67083
-5.67148
-5.67084
-5.67214
-5.67311
-5.67279
-5.67343
-5.67538
-5.67667
-5.67667
-5.6744
-5.67343
-5.6731
-5.67181
-5.67375
-5.67601
-5.67569
-5.67601
-5.67439
-5.67472
-5.67278
-5.67602
-5.67505
-5.6757
-5.677
-5.677
-5.67764
-5.67991
-5.67862
-5.67797
-5.67796
-5.67699
-5.67763
-5.67731
-5.67763
-5.67699
-5.67634
-5.67667
-5.67634
-5.67505
-5.6744
-5.67213
-5.67246
-5.67375
-5.67472
-5.67278
-5.67246
-5.67246
-5.67181
-5.6731
-5.67278
-5.67246
-5.6744
-5.67602
-5.67634
-5.67829
-5.67926
-5.67861
-5.67893
-5.67861
-5.67764
-5.67829
-5.67797
-5.6783
-5.67797
-5.67862
-5.67829
-5.6757
-5.67602
-5.67537
-5.67537
-5.67407
-5.67407
-5.6731
-5.67343
-5.67602
-5.67376
-5.67408
-5.67182
-5.67085
-5.67246
-5.67182
-5.67149
-5.67214
-5.67213
-5.67181
-5.67343
-5.67246
-5.67182
-5.66987
-5.67084
-5.67246
-5.67408
-5.67246
-5.67344
-5.67506
-5.67538
-5.67538
-5.67636
-5.6783
-5.67668
-5.67441
-5.67279
-5.67441
-5.67538
-5.67635
-5.67506
-5.67473
-5.67506
-5.67571
-5.67603
-5.67571
-5.67538
-5.67571
-5.67603
-5.67667
-5.6757
-5.67473
-5.67376
-5.67053
-5.66988
-5.66989
-5.66762
-5.66762
-5.66827
-5.66827
-5.66794
-5.67085
-5.67247
-5.67247
-5.67505
-5.67376
-5.67375
-5.67278
-5.67214
-5.67343
-5.67246
-5.67279
-5.67344
-5.67376
-5.67279
-5.67215
-5.67247
-5.67279
-5.67247
-5.67312
-5.67376
-5.67376
-5.67376
-5.67473
-5.67441
-5.67538
-5.67603
-5.67571
-5.67409
-5.67344
-5.67506
-5.67506
-5.67539
-5.67312
-5.67539
-5.67604
-5.67604
-5.67506
-5.67474
-5.67312
-5.67441
-5.67344
-5.67311
-5.67311
-5.67246
-5.67149
-5.67312
-5.67344
-5.67409
-5.67474
-5.67571
-5.67441
-5.6715
-5.66923
-5.66826
-5.66923
-5.66987
-5.66922
-5.66858
-5.66955
-5.66987
-5.67085
-5.67052
-5.66988
-5.66891
-5.67086
-5.67248
-5.67377
-5.67183
-5.67183
-5.67118
-5.67086
-5.66826
-5.67053
-5.67118
-5.67054
-5.66924
-5.66892
-5.66989
-5.67086
-5.67216
-5.67377
-5.67377
-5.67441
-5.67312
-5.67377
-5.6715
-5.67183
-5.67183
-5.67183
-5.67119
-5.67248
-5.67442
-5.67345
-5.67409
-5.67474
-5.67797
-5.67894
-5.67991
-5.68088
-5.67894
-5.68121
-5.67992
-5.67992
-5.67733
-5.67604
-5.67701
-5.67668
-5.67765
-5.677
-5.67506
-5.67635
-5.67473
-5.67505
-5.67602
-5.67667
-5.67408
-5.67311
-5.67538
-5.67505
-5.67603
-5.67829
-5.677
-5.67765
-5.67635
-5.677
-5.67603
-5.67603
-5.67441
-5.67182
-5.67246
-5.67343
-5.67311
-5.67343
-5.67505
-5.67376
-5.67538
-5.67506
-5.67538
-5.67344
-5.67247
-5.6715
-5.67118
-5.67215
-5.67247
-5.67377
-5.67442
-5.67409
-5.67376
-5.67538
-5.67375
-5.67213
-5.67084
-5.67376
-5.67409
-5.67603
-5.67636
-5.67474
-5.67409
-5.67604
-5.67571
-5.67571
-5.67538
-5.67505
-5.6757
-5.67602
-5.67602
-5.67505
-5.67473
-5.67409
-5.67506
-5.67733
-5.6783
-5.67603
-5.67279
-5.67344
-5.67182
-5.67344
-5.67376
-5.67312
-5.67118
-5.67118
-5.67344
-5.67279
-5.67441
-5.67441
-5.67473
-5.67279
-5.67247
-5.67311
-5.6715
-5.67279
-5.67344
-5.67376
-5.67474
-5.67312
-5.67312
-5.67409
-5.67474
-5.67442
-5.67442
-5.67441
-5.67441
-5.67538
-5.67733
-5.67603
-5.67539
-5.67571
-5.67506
-5.67409
-5.67377
-5.67377
-5.67474
-5.67539
-5.67247
-5.67441
-5.67311
-5.67279
-5.67311
-5.6715
-5.67215
-5.67441
-5.67377
-5.67539
-5.67247
-5.67183
-5.67215
-5.6715
-5.67376
-5.67409
-5.67441
-5.67603
-5.67441
-5.67344
-5.67344
-5.67376
-5.67571
-5.67603
-5.67506
-5.67732
-5.68088
-5.67926
-5.67829
-5.67733
-5.67636
-5.67474
-5.67506
-5.67441
-5.67409
-5.67635
-5.67603
-5.67506
-5.67441
-5.67344
-5.67247
-5.6715
-5.67182
-5.67215
-5.6728
-5.66988
-5.67117
-5.67053
-5.66923
-5.66858
-5.67117
-5.67247
-5.67311
-5.67182
-5.67474
-5.67668
-5.677
-5.67798
-5.67668
-5.67571
-5.67798
-5.67733
-5.67539
-5.67571
-5.67636
-5.67474
-5.67474
-5.6715
-5.67053
-5.67215
-5.67247
-5.67376
-5.67408
-5.67344
-5.67343
-5.67376
-5.6757
-5.67668
-5.67733
-5.67895
-5.67636
-5.67538
-5.67571
-5.67409
-5.67635
-5.67473
-5.67603
-5.67506
-5.67409
-5.67409
-5.67344
-5.67344
-5.67441
-5.67441
-5.67409
-5.67571
-5.67441
-5.67377
-5.67603
-5.67636
-5.67377
-5.67182
-5.6715
-5.67279
-5.67279
-5.6744
-5.6744
-5.67505
-5.67311
-5.67214
-5.67246
-5.67052
-5.67085
-5.67117
-5.67117
-5.67278
-5.6744
-5.67376
-5.67603
-5.67441
-5.67377
-5.67344
-5.67409
-5.67312
-5.67376
-5.67247
-5.67053
-5.67182
-5.67344
-5.67344
-5.67409
-5.67571
-5.67635
-5.67603
-5.67538
-5.67571
-5.67636
-5.67668
-5.67441
-5.67409
-5.67312
-5.67312
-5.6715
-5.67182
-5.67247
-5.67247
-5.67246
-5.67279
-5.67344
-5.67214
-5.6715
-5.67279
-5.67377
-5.67247
-5.67312
-5.67376
-5.67311
-5.67344
-5.67279
-5.67376
-5.67409
-5.67377
-5.67377
-5.67636
-5.67441
-5.67409
-5.67409
-5.67441
-5.67247
-5.67441
-5.67538
-5.67409
-5.67506
-5.67473
-5.67473
-5.67473
-5.67473
-5.67344
-5.67085
-5.67149
-5.67247
-5.6702
-5.66923
-5.66891
-5.6702
-5.67247
-5.67279
-5.67279
-5.67506
-5.67538
-5.6757
-5.67441
-5.6757
-5.67538
-5.67538
-5.67473
-5.67376
-5.67441
-5.67409
-5.67409
-5.67376
-5.67279
-5.67409
-5.67408
-5.67279
-5.67474
-5.67538
-5.67538
-5.67733
-5.67539
-5.677
-5.67636
-5.67636
-5.67507
-5.6741
-5.67507
-5.67215
-5.67183
-5.6728
-5.67215
-5.67344
-5.67506
-5.67505
-5.67408
-5.67246
-5.67182
-5.67117
-5.67053
-5.67247
-5.67474
-5.6741
-5.67442
-5.67183
-5.67475
-5.6741
-5.67572
-5.67475
-5.67701
-5.67636
-5.67733
-5.67733
-5.67409
-5.6728
-5.67215
-5.67054
-5.66957
-5.67151
-5.67378
-5.67313
-5.67248
-5.67313
-5.67281
-5.67443
-5.67346
-5.67151
-5.67119
-5.67281
-5.67054
-5.66989
-5.66989
-5.66989
-5.66892
-5.67086
-5.67054
-5.67216
-5.67217
-5.67282
-5.67411
-5.67508
-5.67411
-5.67444
-5.6767
-5.67509
-5.67412
-5.67638
-5.67606
-5.67412
-5.67476
-5.6767
-5.67509
-5.67411
-5.67443
-5.67573
-5.67379
-5.67411
-5.67314
-5.67217
-5.67185
-5.6725
-5.6712
-5.67282
-5.67509
-5.67379
-5.67411
-5.67476
-5.67412
-5.67444
-5.67607
-5.67671
-5.67445
-5.67347
-5.67282
-5.67412
-5.67444
-5.67509
-5.67606
-5.67444
-5.67249
-5.67185
-5.67185
-5.67217
-5.67282
-5.67185
-5.67282
-5.67411
-5.67476
-5.67379
-5.67282
-5.67606
-5.67671
-5.67638
-5.67703
-5.67444
-5.67249
-5.67508
-5.67605
-5.67475
-5.67507
-5.6754
-5.67573
-5.67541
-5.67347
-5.67412
-5.67606
-5.67832
-5.68059
-5.67897
-5.67767
-5.67767
-5.67767
-5.67864
-5.67799
-5.67605
-5.67573
-5.67476
-5.67444
-5.67249
-5.67314
-5.67346
-5.67444
-5.67379
-5.67153
-5.67055
-5.6712
-5.67347
-5.67379
-5.67508
-5.678
-5.67767
-5.6767
-5.67444
-5.67573
-5.67476
-5.67476
-5.6767
-5.67541
-5.67573
-5.67476
-5.67346
-5.67346
-5.67444
-5.67282
-5.67185
-5.67282
-5.67217
-5.67346
-5.67281
-5.67152
-5.67314
-5.67249
-5.67249
-5.67346
-5.67379
-5.67314
-5.67411
-5.67282
-5.67282
-5.67411
-5.67314
-5.67184
-5.67119
-5.67313
-5.67216
-5.67313
-5.67475
-5.67346
-5.67378
-5.67152
-5.67152
-5.67249
-5.67313
-5.67443
-5.6741
-5.6741
-5.67411
-5.67346
-5.67378
-5.67411
-5.67379
-5.67152
-5.67314
-5.67378
-5.67378
-5.67248
-5.67151
-5.67313
-5.6728
-5.67151
-5.67151
-5.67119
-5.67216
-5.67249
-5.67281
-5.67216
-5.67152
-5.67119
-5.67022
-5.67119
-5.67248
-5.6728
-5.67345
-5.67507
-5.67313
-5.67313
-5.67345
-5.6741
-5.67475
