2.10858
2.0876
2.02905
1.93633
1.81889
1.69185
1.57298
1.47745
1.41396
1.38406
1.38426
1.40858
1.45072
1.50501
1.56601
1.6277
1.68325
1.72611
1.75136
1.75664
1.74205
1.70963
1.66334
1.60877
1.55263
1.50187
1.4621
1.43662
1.42598
1.42843
1.44097
1.45982
1.48099
1.50065
1.51586
1.52525
1.52932
1.53025
1.53136
1.53604
1.54682
1.56464
1.58853
1.61562
1.64194
1.66349
1.67732
1.68202
1.67733
1.66355
1.64125
1.61189
1.57844
1.54544
1.51802
1.50001
1.49248
1.49383
1.50137
1.51289
1.52727
1.54394
1.56232
1.58181
1.60201
1.62284
1.64387
1.66392
1.68111
1.69354
1.69993
1.70019
1.69559
1.68813
1.67962
1.67098
1.66267
1.65559
1.65093
1.64964
1.65134
1.65371
1.65284
1.64491
1.62827
1.60447
1.57713
1.54981
1.52501
1.50434
1.4891
1.48021
1.47806
1.48259
1.49351
1.51003
1.53024
1.55142
1.57084
2.09903
2.10231
2.08769
2.05809
2.01894
1.97762
1.94286
1.92143
1.91368
1.91287
1.9092
1.89511
1.86863
1.83407
1.79977
1.77325
1.75739
1.75123
1.75442
1.76794
1.78935
1.81198
1.83008
1.84244
1.85149
1.85983
1.86774
1.87281
1.87196
1.86444
1.85289
1.8407
1.82904
1.81767
1.80786
1.80286
1.80598
1.81819
1.83773
1.86174
1.88766
1.91331
1.9362
1.95331
1.96201
1.96211
1.95635
1.94906
1.94309
1.93823
1.93218
1.92226
1.907
1.8857
1.85821
1.82533
1.78923
1.75282
1.71978
1.69585
1.69007
1.71177
1.76321
1.83391
1.906
1.96465
2.00368
2.02411
2.03074
2.02935
2.02429
2.0177
2.01003
2.00157
1.99265
1.98352
1.97367
1.96155
1.94554
1.92516
1.90172
1.87741
1.85359
1.83039
1.80761
1.78605
1.76775
1.75464
1.74726
1.74472
1.74646
1.75317
1.7657
1.78311
1.80193
1.81727
1.8246
1.82154
1.80907
1.79153
1.77553
1.7676
1.77167
1.78743
1.8111
1.83771
1.8632
1.88538
1.90406
1.92072
1.9378
1.95782
1.98154
2.00638
2.02628
2.0344
2.02626
2.00216
1.96719
1.93023
1.90141
1.88861
1.89454
1.9156
1.94347
1.96787
1.97906
1.97032
1.9395
1.88893
1.82482
1.75641
1.69548
1.65435
1.64208
1.65993
1.70179
1.75874
1.8232
1.88953
1.95292
2.0083
2.05079
2.07656
2.08452
2.0772
2.05984
2.03774
2.01383
1.98858
1.96113
1.93099
1.89845
1.86489
1.83301
1.8064
1.78821
1.77988
1.78057
1.78756
1.79696
1.80516
1.8098
1.81019
1.80678
1.8006
1.7935
1.78843
1.78886
1.7966
1.81051
1.82692
1.84147
1.8514
1.85764
1.86477
1.87788
1.89811
1.92153
1.9414
1.95198
1.95086
1.93918
1.92033
1.89803
1.87531
1.85496
1.8402
1.83425
1.83879
1.85256
1.87186
1.89211
1.90903
1.9198
1.92324
1.91982
1.91185
1.9035
1.89927
2.09969
2.09889
2.09157
2.07632
2.05607
2.03589
2.01963
2.00779
1.99807
1.98803
1.97744
1.96858
1.96483
1.96848
1.97909
1.99295
2.00488
2.011
2.01029
2.00458
1.99834
1.99689
2.00322
2.01662
2.03359
2.04963
2.06049
2.06343
2.05837
2.04856
2.03934
2.03482
2.03455
2.03367
2.02651
2.01015
1.98573
1.9577
1.93221
1.91563
1.91182
1.91947
1.93273
1.94509
1.95291
1.95715
1.96252
1.97415
1.9944
2.02227
2.05479
2.08825
2.11841
2.14016
2.14717
2.1326
2.09111
2.02109
1.92709
1.82072
1.71983
1.64438
1.61009
1.62266
1.67649
1.75828
1.85241
1.94483
2.02532
2.08826
2.13145
2.1548
2.15895
2.14551
2.1181
2.08288
2.04762
2.01885
2.00009
1.99254
1.99659
2.01191
2.03651
2.06644
2.09645
2.12067
2.13406
2.13464
2.12493
2.11089
2.09811
2.08847
2.07938
2.0666
2.04793
2.02553
2.00364
1.98401
1.96359
1.93723
1.90149
1.85624
1.80443
1.75276
1.71219
1.69578
1.71211
1.75884
1.82272
1.88663
1.93708
1.96723
1.97616
1.96733
1.94752
1.92569
1.91067
1.90888
1.92305
1.95214
1.99256
2.03909
2.08554
2.12547
2.15278
2.16279
2.15411
2.12995
2.09722
2.06304
2.03161
2.00454
1.98328
1.97041
1.96902
1.98109
2.00592
2.03935
2.0749
2.10575
2.12704
2.137
2.13679
2.13017
2.12117
2.11171
2.10083
2.08596
2.06512
2.03842
2.00721
1.9724
1.93391
1.89198
1.84967
1.81418
1.79575
1.80275
1.83521
1.88447
1.93888
1.98894
2.02922
2.05741
2.07303
2.07639
2.06986
2.05819
2.04572
2.03385
2.02192
2.00983
1.99809
1.98584
1.96971
1.94472
1.90713
1.85682
1.79912
1.74434
1.705
1.69186
1.70979
1.75538
1.81871
1.88768
1.95195
2.00507
2.04436
2.06961
2.08232
2.08529
2.08272
2.07967
2.08142
2.09227
2.11345
2.14121
2.16708
2.18115
2.10054
2.07992
2.05214
2.02561
2.00583
1.99661
2.0002
2.01596
2.03967
2.06505
2.08545
2.09459
2.08651
2.05645
2.00367
1.93504
1.86588
1.81176
1.77767
1.75774
1.74474
1.7364
1.73551
1.74608
1.76859
1.79831
1.82734
1.84889
1.86004
1.86274
1.86271
1.866
1.87546
1.88913
1.90125
1.90509
1.89681
1.87921
1.86268
1.85975
1.87639
1.90814
1.94446
1.97604
1.99926
2.01626
2.03154
2.04745
2.06333
2.07723
2.08699
2.09033
2.086
2.07532
2.06245
2.05215
2.04787
2.0512
2.06174
2.07574
2.08633
2.08652
2.07241
2.04365
2.00171
1.94789
1.88341
1.81147
1.73891
1.67582
1.633
1.61903
1.63763
1.68632
1.75733
1.83985
1.9225
1.99545
2.05154
2.0868
2.10025
2.0936
2.07073
2.03698
1.99852
1.96203
1.93362
1.91759
1.91528
1.92527
1.94451
1.9694
1.99587
2.0193
2.03532
2.04139
2.03771
2.02721
2.01444
2.00365
1.99692
1.99389
1.99271
1.99116
1.98748
1.9808
1.97197
1.96342
1.95757
1.95446
1.95076
1.941
1.91998
1.88536
1.83913
1.78733
1.73726
1.69509
1.66501
1.64977
1.65138
1.67107
1.70761
1.75568
1.80684
1.85285
1.88807
1.90982
1.91706
1.90993
1.89042
1.86325
1.83544
1.81373
1.80217
1.80118
1.80925
1.82494
1.84789
1.87894
1.9195
1.97019
2.0286
2.08809
2.1397
2.17622
2.19547
2.20072
2.19875
2.19667
2.19838
2.203
2.20664
2.20544
2.19714
2.18048
2.15385
2.11545
2.06529
2.00682
1.948
1.90076
1.87624
1.87771
1.89753
1.92183
1.93817
1.94037
1.92889
1.90818
1.88377
1.86069
1.84336
1.83526
1.83798
1.85012
1.8678
1.8867
1.90379
1.91797
1.92925
1.93824
1.94569
1.95202
1.95677
1.95865
1.95644
1.95009
1.94068
1.92939
1.91606
1.8994
1.87858
1.85568
1.8363
1.82735
1.83277
1.8506
1.87383
1.89423
2.0995
2.09726
2.08646
2.07651
2.07395
2.07811
2.08273
2.08108
2.06994
2.0511
2.02994
2.0122
2.00159
1.99968
2.00669
2.022
2.04383
2.06937
2.09597
2.12192
2.14588
2.16629
2.1817
2.19174
2.19693
2.19768
2.1944
2.18831
2.18155
2.17557
2.16941
2.15944
2.14083
2.10977
2.06499
2.00786
1.94226
1.87595
1.82032
1.78391
1.76573
1.75716
1.74986
1.7416
1.73661
1.74275
1.76726
1.81237
1.8726
1.93608
1.98929
2.02224
2.03136
2.02006
1.99702
1.9732
1.95802
1.95687
1.97081
1.99805
2.03536
2.07863
2.12357
2.16618
2.20266
2.22849
2.23871
2.2306
2.20574
2.1702
2.13216
2.0989
2.07412
2.05694
2.04276
2.02627
2.00486
1.98046
1.9585
1.94489
1.94295
1.95289
1.97343
2.00323
2.0412
2.08555
2.13278
2.17822
2.21756
2.24839
2.26983
2.28063
2.2781
2.25974
2.22535
2.17719
2.11906
2.05579
1.9932
1.93796
1.89698
1.87518
1.87309
1.88641
1.90767
1.9291
1.94478
1.95159
1.94992
1.94344
1.93849
1.94162
1.95695
1.98353
2.01557
2.04507
2.06488
2.07141
2.0665
2.05696
2.05083
2.0526
2.0605
2.06921
2.07559
2.08025
2.08446
2.08787
2.09
2.09133
2.09312
2.0973
2.10675
2.12437
2.15033
2.17952
2.20294
2.2117
2.20069
2.16991
2.12361
2.06854
2.01223
1.96199
1.923
1.8966
1.88092
1.87406
1.87629
1.88886
1.91186
1.94323
1.9794
2.01643
2.05147
2.08327
2.11144
2.13481
2.15118
2.15842
2.15549
2.14269
2.12161
2.09434
2.06344
2.03216
2.00444
1.98433
1.97401
1.9726
1.97611
1.9788
1.97528
1.96231
1.94038
1.91381
1.88942
1.8736
1.86986
1.87845
1.89721
1.92276
1.95156
1.9808
2.00962
2.0391
2.07123
2.10697
2.14518
2.18249
2.2141
2.23446
2.23778
2.2195
2.17779
2.11489
2.03786
1.9585
1.89119
1.84738
1.8304
1.83496
1.85278
1.87986
1.91803
1.96999
2.03362
2.10151
2.1646
2.21555
2.25072
2.26988
2.27464
2.26629
2.24446
2.20786
2.15629
2.09248
2.02222
1.95308
1.89259
1.847
1.82076
1.81744
1.84038
1.88985
1.9583
2.03068
2.09181
2.13256
2.15091
2.15054
2.1389
2.12528
2.11781
2.11939
2.12689
2.13543
2.14298
2.15088
2.16033
2.16969
2.17418
2.16803
2.14676
2.10915
2.05928
2.00814
1.97142
1.96169
1.98025
2.01867
2.06555
2.11082
2.14714
2.17007
2.17748
2.16887
2.14458
2.10625
2.05744
2.00451
1.95626
1.92162
1.90675
1.91351
1.9398
1.9807
2.0298
2.08115
2.13118
2.17875
2.22281
2.25963
2.28256
2.28365
2.25654
2.19917
2.11544
2.01524
1.91318
1.82662
1.77178
1.75809
1.78369
1.83588
1.89708
1.95226
1.99263
2.01459
2.01751
2.00338
1.97736
1.94741
1.92246
1.91019
1.91491
1.93618
1.9701
2.01166
2.05689
