-6.81117
-6.77311
-6.68306
-6.53903
-6.3315
-6.06927
-5.76474
-5.43033
-5.08741
-4.76186
-4.47011
-4.22074
-4.01467
-3.85384
-3.73688
-3.66638
-3.64503
-3.67043
-3.7298
-3.80381
-3.87374
-3.9317
-3.97875
-4.01179
-4.0355
-4.04652
-4.04023
-4.01684
-3.98126
-3.93566
-3.88172
-3.81788
-3.74841
-3.67585
-3.59817
-3.53355
-3.48346
-3.46244
-3.4618
-3.46327
-3.45228
-3.42718
-3.39408
-3.36285
-3.34602
-3.34781
-3.36666
-3.40106
-3.44813
-3.49403
-3.52723
-3.54112
-3.53678
-3.52223
-3.51087
-3.50731
-3.51708
-3.53585
-3.55998
-3.58398
-3.60447
-3.61682
-3.62755
-3.63584
-3.65123
-3.67218
-3.70373
-3.74458
-3.79245
-3.83783
-3.86972
-3.88644
-3.89144
-3.88234
-3.86056
-3.83308
-3.79899
-3.76357
-3.72537
-3.68728
-3.64545
-3.59556
-3.54053
-3.47935
-3.40519
-3.32084
-3.23669
-3.16322
-3.12306
-3.1188
-3.1409
-3.17984
-3.22854
-3.27304
-3.30658
-3.31728
-3.30381
-3.26746
-3.20885
-3.13374
-3.04158
-2.93439
-2.8268
-2.76269
-2.77278
-2.86209
-2.99918
-3.13428
-3.23494
-3.29612
-3.32613
-3.34235
-3.36131
-3.39415
-3.45214
-3.53046
-3.6296
-3.73489
-3.83879
-3.92844
-3.99314
-4.02477
-4.02815
-4.01686
-4.01217
-4.04164
-4.10866
-4.20347
-4.30426
-4.38502
-4.43184
-4.43865
-4.4109
-4.3553
-4.27828
-4.19371
-4.1001
-4.01105
-3.93206
-3.87491
-3.83737
-3.8181
-3.81302
-3.81663
-3.82711
-3.84154
-3.8575
-3.86996
-3.88388
-3.89233
-3.90568
-3.91909
-3.93797
-3.96631
-4.0028
-4.054
-4.10786
-4.17257
-4.24744
-4.33217
-4.41742
-4.48779
-4.52964
-4.53037
-4.48236
-4.39498
-4.27928
-4.16486
-4.06516
-3.98404
-3.92644
-3.89832
-3.901
-3.93347
-3.98645
-4.04385
-4.09775
-4.13844
-4.16311
-4.1645
-4.14077
-4.08954
-4.02018
-3.94684
-3.88623
-3.86013
-3.86454
-3.89864
-3.94285
-3.97706
-3.98813
-3.97424
-3.93374
-3.8768
-3.82007
-3.76897
-3.73595
-3.72541
-3.73551
-3.75291
-3.77028
-3.79164
-3.81225
-3.84104
-3.88154
-3.93038
-3.98196
-4.03046
-4.06662
-4.08657
-4.08709
-4.07457
-4.05945
-4.04821
-4.05317
-4.07784
-4.12442
-4.18105
-4.23717
-4.28399
-4.315
-4.33176
-4.3419
-4.35501
-4.37114
-4.3971
-4.42662
-4.45792
-4.48129
-4.49025
-4.4856
-4.4652
-4.43492
-4.40209
-4.3746
-4.35512
-4.34727
-4.34446
-4.34363
-4.34061
-4.32879
-4.31228
-4.30622
-4.32318
-4.3606
-4.40928
-4.44984
-4.47497
-4.47629
-4.46612
-4.45394
-4.45004
-4.45814
-4.47959
-4.52108
-4.57068
-4.6172
-4.6559
-4.67152
-4.65588
-4.60481
-4.51539
-4.39273
-4.26064
-4.12976
-4.01439
-3.9264
-3.86352
-3.81797
-3.78384
-3.75873
-3.74079
-3.72998
-3.7249
-3.72985
-3.74627
-3.76894
-3.78459
-3.78554
-3.75756
-3.70559
-3.63603
-3.55671
-3.48738
-3.43205
-3.40232
-3.40054
-3.42487
-3.47546
-3.55148
-3.63604
-3.72312
-3.8034
-3.87093
-3.92067
-3.9527
-3.96134
-3.95283
-3.93455
-3.9151
-3.90128
-3.90074
-3.91052
-3.93712
-3.97392
-4.01647
-4.05408
-4.08237
-4.09961
-4.10369
-4.11082
-4.13083
-4.16995
-4.23259
-4.30816
-4.38791
-4.46533
-4.52773
-4.56653
-4.58256
-4.57096
-4.53915
-4.49543
-4.44814
-4.40284
-4.36453
-4.33572
-4.31772
-4.30401
-4.29157
-4.28056
-4.2673
-4.25146
-4.23249
-4.21713
-4.20281
-4.19594
-4.19396
-4.19316
-4.19384
-4.19267
-4.19265
-4.18919
-4.18456
-4.17694
-4.17175
-4.17338
-4.19257
-4.23112
-4.29097
-4.36112
-4.42909
-4.48392
-4.5152
-4.52118
-4.51133
-4.48802
-4.46786
-4.4456
-4.41484
-4.37387
-4.32474
-4.26321
-4.18649
-4.08817
-3.98103
-3.87291
-3.77846
-3.70845
-3.66024
-3.62338
-3.59008
-3.54774
-3.49976
-3.45932
-3.43551
-3.43227
-3.45215
-3.47825
-3.49529
-3.49454
-3.47707
-3.45273
-3.43278
-3.42644
-3.44009
-3.46569
-3.50733
-3.56965
-3.6543
-3.75682
-3.8654
-3.96069
-4.02538
-4.05617
-4.05674
-4.03659
-4.00268
-3.96543
-3.93221
-3.91224
-3.91299
-3.93548
-3.96764
-3.98955
-3.99424
-3.98186
-3.95813
-3.94077
-3.93094
-3.91718
-3.90212
-3.8743
-3.83266
-3.78204
-3.72244
-3.65259
-3.57583
-3.48808
-3.38706
-3.2849
-3.18772
-3.11825
-3.08765
-3.10286
-3.15658
-3.2409
-3.34795
-3.46116
-3.5767
-3.68857
-3.7885
-3.8771
-3.95341
-4.01608
-4.05791
-4.07236
-4.05521
-4.01785
-3.96333
-3.90145
-3.84867
-3.80367
-3.76413
-3.72929
-3.69662
-3.68225
-3.69266
-3.73063
-3.78433
-3.8409
-3.89016
-3.92356
-3.93243
-3.9148
-3.87116
-3.81609
-3.76327
-3.72405
-3.69974
-3.69308
-3.69514
-3.70288
-3.71489
-3.7277
-3.74083
-3.7505
-3.7531
-3.75303
-3.75198
-3.75607
-3.75575
-3.74293
-3.71245
-3.66724
-3.62264
-3.60231
-3.60481
-3.62399
-3.64626
-3.66538
-3.67664
-3.68345
-3.68503
-3.67581
-3.65748
-3.63532
-3.60992
-3.59584
-3.60239
-3.63202
-3.67503
-3.71972
-3.75508
-3.77449
-3.78058
-3.78025
-3.78163
-3.78798
-3.80933
-3.83824
-3.86829
-3.88741
-3.89333
-3.90391
-3.93691
-4.00946
-4.11079
-4.2235
-4.31727
-4.387
-4.43067
-4.45499
-4.4691
-4.47687
-4.49226
-4.51648
-4.54344
-4.57052
-4.58294
-4.57976
-4.55526
-4.51877
-4.46938
-4.41355
-4.35248
-4.29126
-4.23009
-4.16944
-4.11112
-4.0573
-4.0042
-3.9602
-3.92457
-3.90712
-3.90893
-3.92648
-3.95925
-3.99696
-4.02582
-4.03546
-4.02317
-3.99271
-3.95056
-3.90805
-3.87778
-3.8593
-3.84434
-3.82549
-3.79935
-3.77258
-3.76134
-3.77643
-3.82123
-3.87793
-3.93627
-3.98609
-4.02423
-4.04484
-4.04887
-4.02918
-3.97649
-3.90223
-3.81053
-3.71305
-3.62833
-3.56878
-3.53619
-3.53095
-3.55154
-3.59257
-3.64182
-3.68198
-3.71716
-3.74403
-3.75855
-3.76537
-3.77156
-3.78749
-3.81587
-3.85323
-3.88966
-3.92044
-3.94764
-3.97679
-4.01396
-4.06818
-4.13189
-4.19746
-4.2514
-4.29246
-4.31155
-4.30586
-4.27948
-4.23538
-4.18155
-4.12379
-4.06435
-4.01001
-3.95826
-3.91783
-3.89083
-3.87392
-3.86937
-3.8705
-3.87128
-3.87432
-3.88775
-3.91749
-3.96018
-4.00865
-4.05868
-4.10384
-4.13733
-4.1607
-4.17373
-4.18597
-4.20455
-4.22758
-4.2551
-4.27498
-4.28067
-4.2628
-4.2217
-4.15645
-4.07645
-3.97927
-3.87729
-3.79441
-3.74277
-3.73171
-3.76291
-3.82355
-3.89927
-3.97496
-4.03856
-4.08013
-4.10184
-4.10516
-4.09385
-4.06846
-4.03036
-3.98496
-3.93382
-3.88886
-3.85589
-3.84258
-3.85682
-3.89425
-3.93975
-3.98681
-4.0259
-4.05667
-4.0906
-4.12287
-4.15394
-4.16859
-4.15289
-4.10257
-4.02404
-3.92363
-3.82151
-3.73555
-3.68191
-3.6712
-3.69875
-3.75139
-3.81527
-3.88283
-3.94319
-3.99497
-4.04063
-4.07701
-4.10266
-4.11744
-4.12011
-4.11274
-4.09935
-4.08992
-4.08596
-4.09159
-4.09554
-4.09882
-4.10052
-4.10247
-4.10222
-4.10631
-4.10597
-4.10132
-4.09269
-4.07275
-4.03646
-3.9859
-3.92374
-3.85272
-3.77456
-3.70045
-3.641
-3.60631
-3.59798
-3.61532
-3.64008
-3.65379
-3.65592
-3.63657
-3.59712
-3.55165
-3.50693
-3.47558
-3.46257
-3.46817
-3.48348
-3.49758
-3.50716
-3.51441
-3.52466
-3.53657
-3.54559
-3.55027
-3.5634
-3.59525
-3.65117
-3.71829
-3.79501
-3.86768
-3.92992
-3.98567
-4.03277
-4.07566
-4.12695
-4.18819
-4.24844
-4.29261
-4.3095
-4.29351
-4.2549
-4.20194
-4.13966
-4.07449
-4.00423
-3.92699
-3.84293
-3.75546
-3.66594
-3.58833
-3.54099
-3.531
-3.56832
-3.65432
-3.76142
-3.86967
-3.95569
-4.01472
-4.0436
-4.04695
-4.03354
-4.00177
-3.949
-3.87689
-3.78916
-3.6875
-3.58555
-3.49114
-3.42004
-3.38143
-3.37648
-3.39425
-3.41775
-3.43285
-3.43212
-3.42413
-3.42002
-3.43941
-3.48395
-3.54565
-3.61739
-3.69047
-3.76456
-3.82858
-3.88392
-3.91628
-3.92943
-3.92053
-3.88697
-3.84237
-3.80061
-3.77368
-3.75427
-3.73857
-3.72604
-3.71837
-3.73206
-3.7673
-3.82651
-3.90543
-3.98945
-4.07189
-4.15114
-4.21895
-4.28196
-4.33302
-4.36565
-4.37667
-4.36501
-4.33547
-4.29968
-4.26392
-4.24056
-4.2361
-4.24863
-4.26892
-4.28455
-4.28682
-4.26769
-4.22694
-4.18272
-4.14028
-4.11289
-4.10321
-4.1004
-4.09885
-4.08491
-4.05052
-4.00142
-3.93475
-3.85579
-3.7743
-3.69771
-3.62591
-3.55988
-3.49819
-3.43893
-3.38697
-3.34748
-3.32397
-3.31191
-3.30118
-3.27483
-3.22787
-3.16144
-3.08446
-3.01622
-2.97485
-2.97502
-3.02891
-3.11992
-3.24539
-3.38096
-3.50934
-3.61875
-3.70265
-3.75721
-3.78185
-3.77052
-3.72866
-3.66307
-3.59467
-3.54603
-3.53636
-3.56345
-3.61316
-3.67892
-3.75042
-3.82146
-3.88315
-3.92855
-3.96426
-3.99245
-4.01897
-4.04687
-4.06841
-4.07338
-4.05392
-4.01356
-3.95933
-3.90258
-3.85621
-3.82295
-3.80235
-3.80079
-3.81846
-3.85382
-3.89937
-3.9436
-3.97908
-4.00716
-4.03205
-4.05867
-4.0907
-4.13935
-4.18821
-4.24875
-4.30323
-4.35689
-4.40914
-4.4478
-4.4733
-4.48067
-4.46428
-4.42231
-4.35458
-4.26375
-4.15466
-4.04196
-3.94443
-3.87717
-3.85082
-3.86427
-3.90682
-3.9697
-4.0386
-4.10363
-4.1575
-4.18872
-4.19824
-4.183
-4.14836
-4.10422
-4.06875
-4.05711
-4.08033
-4.13867
-4.22022
-4.30364
-4.37532
-4.42838
-4.4581
-4.46988
-4.4673
-4.4539
-4.43312
-4.41741
-4.41274
-4.41852
-4.4306
-4.44285
-4.45678
-4.46707
-4.47393
-4.4867
-4.50561
-4.52462
-4.53496
-4.53556
-4.52975
-4.50813
-4.48533
-4.4582
-4.4276
-4.40122
-4.37741
-4.35398
-4.33345
-4.31256
-4.29003
-4.27482
-4.25706
-4.23672
-4.21173
-4.18298
-4.14247
-4.09622
-4.04791
-4.00624
-3.96961
-3.93905
-3.91583
-3.89277
-3.8652
-3.82537
-3.77126
-3.70874
-3.64424
-3.59214
-3.55113
-3.50654
-3.44679
-3.3614
-3.25888
-3.15818
-3.0795
-3.04268
-3.05838
-3.12234
-3.22583
-3.3562
-3.49494
-3.62707
-3.73871
-3.82164
-3.87014
-3.88282
-3.86739
-3.83902
-3.81412
-3.80626
-3.81731
-3.84716
-3.89607
-3.95729
