1.40249
1.43275
1.45923
1.47837
1.48844
1.49065
1.48821
1.48456
1.48143
1.47836
1.47439
1.47007
1.46744
1.4672
1.46681
1.46151
1.44705
1.42243
1.39093
1.35887
1.33206
1.31332
1.30245
1.2984
1.30093
1.31067
1.32758
1.34967
1.37323
1.39366
1.40704
1.4112
1.40598
1.39271
1.374
1.35355
1.33605
1.32569
1.32452
1.33135
1.34239
1.35263
1.35785
1.35591
1.34692
1.33246
1.31475
1.2963
1.27949
1.26629
1.25766
1.25337
1.25263
1.25491
1.25994
1.26758
1.27806
1.29204
1.30988
1.33082
1.35299
1.37425
1.39342
1.4113
1.4302
1.45219
1.47691
1.50106
1.52016
1.53121
1.53365
1.52804
1.51478
1.49413
1.4673
1.43713
1.40774
1.38336
1.36647
1.35698
1.3531
1.35238
1.35259
1.35226
1.35133
1.35106
1.35328
1.3595
1.36961
1.38052
1.38707
1.38499
1.37302
1.3533
1.33023
1.30849
1.29106
1.27881
1.27146
1.2688
1.27108
1.27874
1.29171
1.30924
1.32976
1.35134
1.37165
1.38783
1.39705
1.39808
1.39261
1.38489
1.38016
1.38261
1.39429
1.41462
1.44026
1.46576
1.48549
1.49566
1.49535
1.48613
1.47092
1.45303
1.43545
1.42019
1.40787
1.39788
1.38961
1.38316
1.37861
1.37447
1.3678
1.35553
1.33612
1.31105
1.28485
1.26351
1.25226
1.25394
1.26769
1.28875
1.30969
1.32283
1.32295
1.30912
1.28514
1.25804
1.23448
1.21829
1.21135
1.21547
1.23249
1.26263
1.30327
1.34945
1.39559
1.43711
1.47108
1.49557
1.50915
1.51112
1.50204
1.48349
1.45729
1.42492
1.38798
1.34934
1.31311
1.2826
1.25849
1.23991
1.22768
1.2261
1.24114
1.27593
1.32716
1.38598
1.44257
1.48964
1.523
1.54076
1.54279
1.53053
1.50713
1.47718
1.44581
1.41729
1.39396
1.37592
1.36201
1.35139
1.34444
1.34243
1.3465
1.35686
1.37255
1.39085
1.40743
1.41758
1.41796
1.4078
1.38871
1.36341
1.33448
1.3037
1.27207
1.24021
1.20915
1.18102
1.15952
1.14941
1.15513
1.17897
1.21973
1.27233
1.32893
1.38075
1.42045
1.44382
1.45061
1.44371
1.42723
1.40416
1.37622
1.34591
1.31816
1.29955
1.29497
1.3049
1.32613
1.35525
1.39016
1.42812
1.46364
1.48974
1.50132
1.4975
1.48165
1.45943
1.43645
1.4168
1.40258
1.39422
1.39109
1.39266
1.3986
1.40829
1.42005
1.43147
1.4406
1.44638
1.44869
1.4481
1.44533
1.44093
1.43527
1.42853
1.42013
1.408
1.38906
1.36159
1.32766
1.29366
1.2679
1.25628
1.25943
1.27357
1.29304
1.31272
1.32861
1.33781
1.33846
1.33059
1.31746
1.30538
1.3008
1.30574
1.31584
1.32387
1.32563
1.32289
1.32117
1.32505
1.33506
1.34807
1.35935
1.36462
1.36131
1.34957
1.33227
1.31456
1.30282
1.30265
1.31631
1.34159
1.37278
1.40309
1.42666
1.43956
1.44009
1.42876
1.40795
1.38131
1.35324
1.32928
1.31637
1.32107
1.34503
1.38184
1.42009
1.44979
1.46604
1.4689
1.46192
1.44979
1.43651
1.42365
1.41034
1.39493
1.37666
1.35627
1.33563
1.31696
1.30252
1.29432
1.29381
1.30118
1.31417
1.32806
1.33671
1.335
1.3211
1.29783
1.27189
1.25061
1.23833
1.23596
1.24348
1.26141
1.28992
1.32724
1.3691
1.40984
1.44414
1.46837
1.48104
1.48233
1.47347
1.45664
1.43526
1.4137
1.39589
1.38344
1.37495
1.36752
1.35917
1.35001
1.3424
1.34012
1.34642
1.36178
1.38316
1.40542
1.42378
1.43533
1.43962
1.43775
1.43064
1.41841
1.40121
1.38038
1.35825
1.33732
1.31999
1.30906
1.30774
1.31832
1.33966
1.36626
1.39011
1.40452
1.40727
1.40121
1.39226
1.3854
1.38095
1.37462
1.36103
1.33811
1.30926
1.28261
1.26669
1.26502
1.27424
1.28762
1.30013
1.31053
1.32039
1.33211
1.34754
1.36725
1.39028
1.41411
1.43465
1.44703
1.44736
1.43454
1.41116
1.38266
1.3551
1.33309
1.31866
1.31155
1.31047
1.31405
1.3211
1.33005
1.33849
1.34375
1.34453
1.34189
1.33874
1.33787
1.34045
1.34608
1.35346
1.36063
1.36553
1.36663
1.36321
1.3547
1.34036
1.32001
1.29547
1.27111
1.25294
1.24625
1.25351
1.27279
1.29858
1.32494
1.3485
1.36877
1.38568
1.39761
1.4014
1.39426
1.3762
1.35081
1.32443
1.3031
1.29067
1.28926
1.29961
1.31973
1.34388
1.36496
1.37816
1.38262
1.38058
1.37569
1.37148
1.36966
1.36947
1.36907
1.3679
1.36813
1.37339
1.38508
1.39961
1.41014
1.41146
1.40346
1.39069
1.37934
1.37416
1.37686
1.38639
1.40076
1.41872
1.44012
1.46475
1.491
1.51524
1.53246
1.53776
1.52785
1.50227
1.46371
1.41777
1.37227
1.33465
1.30845
1.29254
1.28377
1.28007
1.28117
1.28752
1.29872
1.31288
1.32742
1.34029
1.35042
1.35785
1.3637
1.37008
1.37894
1.39105
1.4052
1.41826
1.42642
1.42697
1.41976
1.40753
1.39514
1.38759
1.38752
1.39331
1.4001
1.40308
1.4004
1.39358
1.38616
1.38167
1.38127
1.3829
1.38224
1.37461
1.35764
1.33396
1.31099
1.29679
1.29495
1.30404
1.32078
1.34217
1.36562
1.38799
1.40532
1.4136
1.4103
1.39569
1.3729
1.34642
1.32028
1.29741
1.28008
1.27008
1.26787
1.2727
1.2847
1.30547
1.33581
1.37293
1.41043
1.44118
1.46037
1.46679
1.46195
1.44841
1.42862
1.40463
1.37876
1.3542
1.33459
1.32284
1.31952
1.32268
1.32876
1.33457
1.33855
1.34108
1.34397
1.34941
1.35859
1.37111
1.3856
1.40031
1.41323
1.42246
1.42692
1.42707
1.42423
1.41951
1.41348
1.40684
1.40183
1.40131
1.4055
1.41027
1.41068
1.40493
1.39495
1.38475
1.37831
1.37791
1.38335
1.39215
1.40055
1.40462
1.40193
1.39237
1.37794
1.36179
1.34663
1.33402
1.32424
1.31672
1.31028
1.3029
1.29184
1.27449
1.24947
1.21743
1.18088
1.14333
1.10884
1.08227
1.06927
1.07488
1.10096
1.14476
1.19971
1.25794
1.31264
1.35941
1.3962
1.4227
1.43966
1.44884
1.45294
1.45456
1.45497
1.45381
1.44981
1.44194
1.43025
1.41616
1.4028
1.39529
1.39973
1.41969
1.45202
1.48773
1.51752
1.53557
1.53923
1.52752
1.50081
1.46146
1.41435
1.36607
1.32319
1.29023
1.26833
1.25558
1.24916
1.24768
1.25154
1.2611
1.27483
1.2904
1.30752
1.32902
1.35811
1.39345
1.42808
1.45369
1.46565
1.46514
1.45796
1.45137
1.45053
1.45568
1.46226
1.46342
1.45324
1.4289
1.3913
1.34481
1.29588
1.25125
1.21676
1.19705
1.19554
1.21315
1.24627
1.2869
1.3254
1.3543
1.37096
1.3782
1.38208
1.38736
1.39486
1.40306
1.41034
1.41609
1.42082
1.42575
1.43156
1.4379
1.44426
1.45071
1.45708
1.46187
1.46212
1.45483
1.43893
1.41698
1.39499
1.37956
1.37357
1.37446
1.37685
1.37604
1.37005
1.36021
1.35078
1.34683
1.35188
1.36621
1.38692
1.409
1.42678
1.43535
1.43201
1.41696
1.39272
1.36264
1.32889
1.29201
1.25185
1.21018
1.17309
1.15065
1.15216
1.17889
1.22184
1.26729
1.30336
1.32363
1.32835
1.32398
1.32026
1.32473
1.33882
1.35878
1.37935
1.39638
1.40731
1.41062
1.40547
1.39236
1.37358
1.3535
1.33772
1.33134
1.33674
1.35261
1.37476
1.39776
1.41649
1.4271
1.42806
1.4211
1.41137
1.40512
1.40573
1.41177
1.41884
1.42254
1.41965
1.40775
1.38563
1.35476
1.32021
1.28981
1.2722
1.27351
1.29446
1.32967
1.36993
1.40589
1.43062
1.44087
1.43663
1.42035
1.39558
1.36616
1.33587
1.30829
1.28639
1.27223
1.26741
1.27378
1.29226
1.32049
1.35199
1.37927
1.39753
1.40602
1.40639
1.40071
1.39073
1.37833
1.36563
1.35405
1.34333
1.33197
1.31859
1.30333
1.28853
1.27775
1.27439
1.28052
1.29678
1.32264
1.35636
1.39453
1.43175
1.46133
1.47688
1.4742
1.45297
1.4171
1.37374
1.33123
1.29622
1.27212
1.25948
1.25751
1.26497
1.28042
1.30198
1.32729
1.35311
1.37553
1.39117
1.39898
1.40124
1.40243
1.4064
1.4141
1.42394
1.43378
1.44218
1.44783
1.44834
1.43999
1.4191
1.38438
1.33895
1.29031
1.24821
1.22133
1.21407
1.22505
1.24824
1.2763
1.3036
1.32755
1.34887
1.37052
1.3954
1.42346
1.45066
1.47108
1.48037
1.47799
1.46759
1.45496
1.44508
1.43979
1.43759
1.43521
1.42889
1.41522
1.39202
1.35999
1.32351
1.28941
1.26362
1.2486
1.24402
1.24925
1.26469
1.28964
1.31949
1.34687
1.36562
1.37333
1.37156
1.36518
1.36118
1.36628
1.383
1.40733
1.43122
1.44748
1.45264
1.44711
1.43413
1.41836
1.40413
1.39429
1.38968
1.38941
1.39142
1.39357
1.39459
1.39388
1.3906
1.38352
1.37229
1.35853
1.34533
1.33539
1.3297
1.32748
1.32732
1.32786
1.32831
1.32836
1.3283
1.32878
1.33058
1.33426
1.34067
1.35117
1.36628
1.38394
1.39957
1.40758
1.40377
1.3875
1.3637
1.34148
1.32747
1.32153
1.32161
1.32868
1.345
1.36996
1.39838
1.42218
1.4339
1.42957
1.41051
1.38319
1.35616
1.3345
1.31715
1.30079
1.2855
1.27641
1.27991
1.29761
1.32428
1.35121
1.37104
1.38048
1.38069
1.37579
1.37002
1.36593
1.36496
1.36871
1.37841
1.39329
1.41019
1.42467
1.43237
1.43002
1.41613
1.39146
1.35925
1.3246
1.2934
1.27109
1.26105
1.26326
1.27421
1.28858
1.30174
1.31148
1.31813
1.32351
1.32938
1.33573
1.34096
1.34455
1.34884
1.35727
1.37126
1.38921
1.40742
1.42123
1.42595
