2.10373
2.14912
2.18885
2.21756
2.23266
2.23597
2.23231
2.22684
2.22214
2.21754
2.21159
2.2051
2.20116
2.2008
2.20022
2.19226
2.17058
2.13364
2.0864
2.0383
1.9981
1.96997
1.95367
1.94759
1.95139
1.966
1.99136
2.02451
2.05984
2.09049
2.11055
2.1168
2.10897
2.08907
2.061
2.03033
2.00407
1.98854
1.98678
1.99703
2.01359
2.02894
2.03677
2.03387
2.02039
1.99869
1.97213
1.94445
1.91924
1.89944
1.88649
1.88005
1.87894
1.88237
1.8899
1.90137
1.91709
1.93806
1.96482
1.99623
2.02949
2.06137
2.09013
2.11695
2.14529
2.17829
2.21537
2.2516
2.28023
2.29682
2.30048
2.29207
2.27217
2.24119
2.20096
2.1557
2.11161
2.07505
2.04971
2.03546
2.02964
2.02857
2.02889
2.0284
2.02699
2.02659
2.02992
2.03926
2.05442
2.07078
2.08061
2.07748
2.05953
2.02995
1.99534
1.96274
1.93659
1.91822
1.90719
1.9032
1.90663
1.9181
1.93757
1.96386
1.99465
2.02702
2.05748
2.08175
2.09557
2.09711
2.08892
2.07734
2.07024
2.07392
2.09144
2.12193
2.16039
2.19864
2.22824
2.24349
2.24303
2.2292
2.20637
2.17954
2.15318
2.13028
2.1118
2.09682
2.08442
2.07475
2.06792
2.06171
2.0517
2.03329
2.00418
1.96658
1.92728
1.89526
1.87839
1.8809
1.90154
1.93313
1.96453
1.98424
1.98442
1.96367
1.9277
1.88706
1.85172
1.82743
1.81703
1.82321
1.84873
1.89394
1.95491
2.02418
2.09339
2.15567
2.20662
2.24335
2.26373
2.26668
2.25306
2.22524
2.18594
2.13739
2.08196
2.02402
1.96966
1.92389
1.88773
1.85986
1.84152
1.83915
1.86171
1.91389
1.99074
2.07896
2.16385
2.23446
2.2845
2.31113
2.31419
2.29579
2.2607
2.21577
2.16871
2.12593
2.09094
2.06388
2.04302
2.02708
2.01666
2.01365
2.01974
2.03529
2.05883
2.08628
2.11114
2.12637
2.12694
2.11169
2.08307
2.04511
2.00172
1.95554
1.9081
1.86031
1.81373
1.77152
1.73929
1.72412
1.7327
1.76846
1.82959
1.9085
1.9934
2.07112
2.13067
2.16574
2.17591
2.16557
2.14085
2.10624
2.06434
2.01886
1.97724
1.94932
1.94245
1.95735
1.9892
2.03288
2.08524
2.14218
2.19546
2.23461
2.25199
2.24626
2.22248
2.18915
2.15467
2.12519
2.10387
2.09132
2.08663
2.08899
2.0979
2.11244
2.13007
2.1472
2.1609
2.16957
2.17304
2.17215
2.168
2.1614
2.15291
2.14279
2.13019
2.112
2.08359
2.04239
1.99148
1.94049
1.90185
1.88441
1.88915
1.91035
1.93956
1.96908
1.99291
2.00672
2.00769
1.99589
1.97619
1.95807
1.9512
1.95861
1.97375
1.9858
1.98845
1.98434
1.98175
1.98757
2.0026
2.0221
2.03903
2.04693
2.04197
2.02436
1.9984
1.97184
1.95424
1.95398
1.97446
2.01238
2.05917
2.10463
2.13999
2.15934
2.16013
2.14314
2.11192
2.07197
2.02986
1.99392
1.97456
1.98161
2.01755
2.07276
2.13013
2.17468
2.19906
2.20335
2.19288
2.17469
2.15476
2.13548
2.11551
2.0924
2.06499
2.03441
2.00344
1.97544
1.95377
1.94148
1.94072
1.95177
1.97125
1.99209
2.00506
2.0025
1.98165
1.94674
1.90783
1.87591
1.8575
1.85394
1.86522
1.89212
1.93488
1.99086
2.05365
2.11476
2.1662
2.20256
2.22156
2.22349
2.2102
2.18497
2.15289
2.12054
2.09383
2.07517
2.06242
2.05128
2.03876
2.02502
2.0136
2.01017
2.01963
2.04268
2.07474
2.10814
2.13567
2.15299
2.15942
2.15663
2.14596
2.12762
2.10182
2.07056
2.03737
2.00598
1.97999
1.96359
1.96162
1.97747
2.00949
2.04939
2.08517
2.10678
2.1109
2.10181
2.08839
2.0781
2.07143
2.06192
2.04155
2.00717
1.96389
1.92392
1.90004
1.89753
1.91135
1.93143
1.9502
1.9658
1.98059
1.99817
2.02131
2.05088
2.08542
2.12117
2.15198
2.17055
2.17104
2.15181
2.11675
2.074
2.03265
1.99963
1.97799
1.96733
1.96571
1.97108
1.98165
1.99508
2.00774
2.01563
2.0168
2.01284
2.00812
2.00681
2.01067
2.01912
2.03019
2.04095
2.04829
2.04994
2.04482
2.03204
2.01054
1.98002
1.94321
1.90666
1.8794
1.86938
1.88026
1.90919
1.94787
1.98741
2.02275
2.05315
2.07852
2.09641
2.1021
2.09139
2.06429
2.02622
1.98664
1.95464
1.93601
1.93389
1.94941
1.9796
2.01582
2.04744
2.06724
2.07393
2.07087
2.06354
2.05721
2.05449
2.0542
2.05361
2.05185
2.0522
2.06009
2.07762
2.09941
2.1152
2.11718
2.10519
2.08603
2.06901
2.06124
2.06529
2.07958
2.10113
2.12808
2.16017
2.19713
2.2365
2.27286
2.29869
2.30664
2.29178
2.2534
2.19557
2.12666
2.05841
2.00198
1.96267
1.9388
1.92566
1.92011
1.92175
1.93129
1.94808
1.96932
1.99113
2.01043
2.02563
2.03677
2.04555
2.05511
2.06841
2.08657
2.10779
2.12738
2.13963
2.14045
2.12964
2.1113
2.09271
2.08138
2.08129
2.08997
2.10014
2.10462
2.10061
2.09037
2.07925
2.0725
2.0719
2.07435
2.07335
2.06191
2.03647
2.00093
1.96649
1.94519
1.94243
1.95606
1.98116
2.01325
2.04842
2.08199
2.10799
2.1204
2.11545
2.09354
2.05935
2.01964
1.98041
1.94612
1.92012
1.90512
1.9018
1.90906
1.92705
1.9582
2.00371
2.05939
2.11565
2.16177
2.19056
2.20018
2.19292
2.17261
2.14293
2.10694
2.06814
2.03129
2.00189
1.98425
1.97928
1.98402
1.99315
2.00186
2.00783
2.01162
2.01596
2.02412
2.03789
2.05666
2.0784
2.10046
2.11985
2.13368
2.14039
2.14061
2.13634
2.12927
2.12021
2.11025
2.10274
2.10197
2.10824
2.1154
2.11602
2.10739
2.09242
2.07712
2.06747
2.06687
2.07502
2.08823
2.10082
2.10693
2.10289
2.08855
2.06691
2.04269
2.01995
2.00103
1.98636
1.97508
1.96542
1.95435
1.93776
1.91173
1.87421
1.82615
1.77133
1.71499
1.66326
1.6234
1.6039
1.61231
1.65144
1.71714
1.79957
1.88691
1.96897
2.03911
2.0943
2.13405
2.15949
2.17325
2.17941
2.18184
2.18245
2.18072
2.17471
2.1629
2.14537
2.12423
2.1042
2.09293
2.0996
2.12954
2.17803
2.2316
2.27629
2.30336
2.30884
2.29128
2.25121
2.19218
2.12152
2.0491
1.98479
1.93534
1.90249
1.88338
1.87374
1.87152
1.87732
1.89165
1.91224
1.9356
1.96128
1.99353
2.03717
2.09017
2.14213
2.18053
2.19848
2.19772
2.18694
2.17706
2.1758
2.18352
2.19339
2.19513
2.17985
2.14335
2.08695
2.01722
1.94383
1.87687
1.82515
1.79557
1.79332
1.81972
1.8694
1.93034
1.98811
2.03145
2.05644
2.0673
2.07312
2.08104
2.09229
2.10459
2.11551
2.12414
2.13123
2.13863
2.14734
2.15685
2.16639
2.17606
2.18562
2.19281
2.19318
2.18224
2.15839
2.12547
2.09249
2.06934
2.06035
2.06169
2.06527
2.06406
2.05507
2.04032
2.02617
2.02024
2.02783
2.04932
2.08038
2.1135
2.14017
2.15302
2.14802
2.12544
2.08908
2.04396
1.99334
1.93802
1.87777
1.81528
1.75963
1.72597
1.72825
1.76833
1.83277
1.90094
1.95503
1.98545
1.99252
1.98597
1.98039
1.98709
2.00824
2.03817
2.06902
2.09457
2.11097
2.11592
2.10821
2.08854
2.06036
2.03025
2.00658
1.99701
2.00511
2.02892
2.06214
2.09664
2.12473
2.14065
2.1421
2.13164
2.11706
2.10768
2.1086
2.11766
2.12826
2.13381
2.12948
2.11163
2.07844
2.03214
1.98031
1.93472
1.90829
1.91026
1.94169
1.9945
2.0549
2.10884
2.14594
2.1613
2.15495
2.13052
2.09337
2.04924
2.00381
1.96243
1.92959
1.90835
1.90112
1.91066
1.93839
1.98074
2.02799
2.06891
2.0963
2.10902
2.10958
2.10106
2.08609
2.06749
2.04844
2.03108
2.01499
1.99795
1.97788
1.955
1.9328
1.91663
1.91158
1.92077
1.94517
1.98396
2.03454
2.0918
2.14762
2.192
2.21532
2.2113
2.17946
2.12565
2.06062
1.99685
1.94434
1.90818
1.88922
1.88626
1.89746
1.92062
1.95297
1.99094
2.02967
2.06329
2.08675
2.09846
2.10185
2.10364
2.10961
2.12115
2.1359
2.15066
2.16327
2.17174
2.17251
2.15998
2.12865
2.07657
2.00842
1.93546
1.87232
1.832
1.8211
1.83758
1.87236
1.91444
1.95539
1.99133
2.02331
2.05578
2.0931
2.13518
2.17599
2.20661
2.22055
2.21699
2.20139
2.18244
2.16763
2.15968
2.15639
2.15281
2.14334
2.12282
2.08804
2.03999
1.98526
1.93411
1.89543
1.8729
1.86603
1.87388
1.89704
1.93445
1.97923
2.02031
2.04843
2.05999
2.05734
2.04777
2.04177
2.04942
2.0745
2.111
2.14684
2.17122
2.17896
2.17066
2.15119
2.12754
2.10619
2.09144
2.08452
2.08412
2.08713
2.09036
2.09188
2.09082
2.08591
2.07528
2.05843
2.0378
2.01799
2.00309
1.99455
1.99122
1.99098
1.9918
1.99247
1.99255
1.99244
1.99318
1.99587
2.0014
2.01101
2.02675
2.04942
2.07591
2.09935
2.11138
2.10566
2.08126
2.04555
2.01222
1.9912
1.98229
1.98242
1.99302
2.0175
2.05495
2.09757
2.13327
2.15085
2.14435
2.11576
2.07478
2.03424
2.00175
1.97572
1.95119
1.92825
1.91461
1.91986
1.94642
1.98642
2.02681
2.05656
2.07072
2.07104
2.06369
2.05503
2.04889
2.04744
2.05306
2.06761
2.08994
2.11529
2.137
2.14856
2.14503
2.12419
2.08718
2.03887
1.98689
1.9401
1.90664
1.89157
1.89489
1.91132
1.93287
1.95261
1.96722
1.97719
1.98526
1.99407
2.0036
2.01145
2.01682
2.02325
2.0359
2.05689
2.08382
2.11113
2.13185
2.13893
