-3.87314
-3.8738
-3.8738
-3.87736
-3.87897
-3.88027
-3.88091
-3.88058
-3.87864
-3.87929
-3.88058
-3.87961
-3.88253
-3.88059
-3.88059
-3.88189
-3.88092
-3.87897
-3.88059
-3.87961
-3.87864
-3.87669
-3.87475
-3.87637
-3.87572
-3.87443
-3.87637
-3.87961
-3.878
-3.87994
-3.88026
-3.88188
-3.878
-3.8767
-3.87508
-3.8754
-3.87604
-3.8741
-3.87345
-3.8754
-3.87443
-3.87476
-3.8754
-3.87443
-3.87313
-3.87345
-3.87378
-3.87474
-3.87636
-3.87733
-3.87765
-3.87539
-3.87669
-3.87766
-3.87798
-3.87992
-3.87895
-3.87895
-3.87927
-3.87992
-3.87701
-3.87475
-3.87636
-3.87668
-3.88057
-3.87928
-3.8796
-3.88057
-3.87928
-3.87896
-3.87669
-3.87767
-3.87799
-3.87832
-3.87928
-3.8796
-3.87992
-3.88024
-3.87894
-3.88218
-3.8796
-3.87992
-3.87927
-3.87798
-3.87863
-3.87862
-3.87765
-3.877
-3.87733
-3.87733
-3.87928
-3.88025
-3.8783
-3.87992
-3.87927
-3.87732
-3.87959
-3.87764
-3.87538
-3.87505
-3.8757
-3.87505
-3.87472
-3.87538
-3.87959
-3.88121
-3.88153
-3.87991
-3.87894
-3.87797
-3.87732
-3.87764
-3.87699
-3.87763
-3.87893
-3.88185
-3.88088
-3.88057
-3.88057
-3.88187
-3.88219
-3.88186
-3.88283
-3.88186
-3.88088
-3.87959
-3.87797
-3.87765
-3.8783
-3.87992
-3.87862
-3.87831
-3.87863
-3.88025
-3.87895
-3.87668
-3.87636
-3.87538
-3.87699
-3.87797
-3.87538
-3.87539
-3.87507
-3.8767
-3.87703
-3.87638
-3.87734
-3.87734
-3.87604
-3.87636
-3.87863
-3.87701
-3.87604
-3.87733
-3.87799
-3.87929
-3.87896
-3.87961
-3.88059
-3.878
-3.878
-3.87735
-3.87703
-3.87864
-3.87865
-3.87865
-3.87994
-3.88123
-3.87896
-3.87896
-3.87767
-3.87799
-3.8767
-3.87669
-3.87572
-3.87604
-3.87476
-3.87768
-3.87736
-3.87672
-3.87704
-3.87575
-3.87574
-3.87671
-3.87897
-3.878
-3.8754
-3.87638
-3.87638
-3.8767
-3.8767
-3.87864
-3.88059
-3.87929
-3.87961
-3.88091
-3.87897
-3.87929
-3.87962
-3.878
-3.87897
-3.87897
-3.87799
-3.87832
-3.87637
-3.87799
-3.87767
-3.87605
-3.87605
-3.8741
-3.87636
-3.87604
-3.87636
-3.87538
-3.87377
-3.87345
-3.8767
-3.87573
-3.87736
-3.87736
-3.87962
-3.8793
-3.88189
-3.88059
-3.87897
-3.88156
-3.88252
-3.88155
-3.88349
-3.88511
-3.88479
-3.8835
-3.88285
-3.88156
-3.88092
-3.88093
-3.88254
-3.88157
-3.88027
-3.87799
-3.8767
-3.87573
-3.87734
-3.87735
-3.8767
-3.87638
-3.8767
-3.87508
-3.878
-3.87865
-3.88253
-3.88091
-3.88091
-3.88026
-3.87832
-3.87768
-3.87865
-3.8767
-3.87994
-3.87962
-3.87768
-3.8793
-3.87735
-3.87799
-3.87636
-3.87637
-3.87605
-3.87767
-3.87929
-3.87897
-3.88124
-3.88027
-3.8806
-3.87898
-3.87865
-3.87864
-3.87831
-3.87767
-3.87671
-3.87963
-3.87865
-3.878
-3.87896
-3.87702
-3.87832
-3.8793
-3.878
-3.8793
-3.87768
-3.878
-3.87703
-3.878
-3.87669
-3.8809
-3.8796
-3.88188
-3.88156
-3.88286
-3.88319
-3.88125
-3.88189
-3.88351
-3.88318
-3.88221
-3.88091
-3.88058
-3.88219
-3.88089
-3.88187
-3.88286
-3.88254
-3.8819
-3.88222
-3.88157
-3.88027
-3.87929
-3.88156
-3.87994
-3.8793
-3.88027
-3.87833
-3.8793
-3.878
-3.87832
-3.87702
-3.8767
-3.87799
-3.87734
-3.87703
-3.87995
-3.8793
-3.87866
-3.87865
-3.8793
-3.88026
-3.87896
-3.8809
-3.87799
-3.87864
-3.87928
-3.87863
-3.87734
-3.87929
-3.8793
-3.8806
-3.87963
-3.87704
-3.87801
-3.87768
-3.87897
-3.87897
-3.87605
-3.87476
-3.87444
-3.87347
-3.87251
-3.87412
-3.8738
-3.87444
-3.87314
-3.87476
-3.87541
-3.87768
-3.87769
-3.87801
-3.88028
-3.87931
-3.87833
-3.88157
-3.88028
-3.87995
-3.88286
-3.87995
-3.88027
-3.87963
-3.87897
-3.88059
-3.87832
-3.87801
-3.87834
-3.87835
-3.87803
-3.8764
-3.87607
-3.87865
-3.87703
-3.87833
-3.87899
-3.87899
-3.87834
-3.87736
-3.87832
-3.87864
-3.878
-3.88092
-3.88384
-3.88287
-3.88157
-3.88189
-3.88124
-3.88059
-3.88092
-3.88383
-3.8806
-3.88352
-3.88611
-3.88482
-3.88546
-3.88675
-3.8861
-3.88642
-3.88739
-3.88609
-3.88577
-3.88318
-3.88124
-3.88092
-3.88124
-3.88092
-3.8806
-3.87865
-3.87833
-3.87897
-3.88189
-3.88253
-3.88156
-3.88092
-3.8806
-3.88092
-3.88027
-3.88156
-3.88221
-3.88124
-3.88351
-3.88189
-3.88253
-3.88252
-3.8809
-3.88317
-3.8835
-3.88383
-3.88351
-3.88642
-3.88448
-3.88545
-3.88481
-3.88611
-3.88643
-3.88513
-3.88513
-3.88674
-3.88771
-3.88544
-3.8835
-3.88091
-3.87929
-3.87833
-3.88125
-3.88093
-3.87898
-3.87801
-3.87768
-3.87606
-3.87671
-3.87606
-3.87639
-3.87477
-3.87282
-3.87606
-3.87412
-3.87283
-3.87121
-3.87218
-3.87348
-3.87541
-3.87703
-3.87605
-3.87703
-3.87671
-3.87736
-3.87995
-3.87865
-3.87833
-3.87801
-3.87802
-3.87543
-3.87608
-3.87576
-3.87479
-3.87608
-3.87704
-3.87865
-3.87833
-3.87995
-3.87801
-3.87898
-3.88028
-3.87963
-3.8793
-3.87996
-3.87899
-3.87834
-3.87608
-3.87672
-3.87607
-3.87639
-3.87768
-3.87736
-3.87672
-3.87607
-3.87705
-3.87543
-3.87349
-3.87219
-3.87316
-3.87316
-3.87542
-3.87607
-3.87575
-3.87705
-3.87608
-3.87673
-3.87673
-3.87705
-3.8764
-3.87673
-3.87835
-3.87836
-3.87771
-3.87803
-3.88062
-3.88223
-3.88352
-3.8832
-3.88061
-3.88159
-3.88353
-3.88289
-3.88483
-3.88387
-3.88225
-3.88257
-3.87836
-3.87965
-3.87706
-3.8777
-3.87867
-3.87996
-3.8819
-3.87931
-3.87899
-3.87996
-3.87963
-3.88028
-3.87964
-3.87997
-3.87933
-3.87739
-3.87673
-3.87641
-3.87576
-3.87706
-3.87868
-3.88029
-3.88029
-3.88028
-3.87996
-3.88029
-3.87899
-3.8777
-3.87738
-3.87738
-3.87802
-3.87802
-3.87996
-3.87996
-3.87834
-3.87802
-3.87543
-3.87641
-3.8777
-3.87932
-3.87997
-3.87835
-3.87867
-3.87673
-3.8777
-3.87769
-3.87996
-3.87964
-3.87964
-3.879
-3.87802
-3.87802
-3.87802
-3.88093
-3.8819
-3.88287
-3.88418
-3.88677
-3.88386
-3.88289
-3.88807
-3.88807
-3.88871
-3.88903
-3.88677
-3.88742
-3.88742
-3.88709
-3.88418
-3.88418
-3.88353
-3.88515
-3.88418
-3.88417
-3.88223
-3.88417
-3.88319
-3.88286
-3.88157
-3.88157
-3.88287
-3.88159
-3.88224
-3.88127
-3.88062
-3.88062
-3.88062
-3.88224
-3.88094
-3.88288
-3.88223
-3.88288
-3.88191
-3.88159
-3.87997
-3.87771
-3.87673
-3.87867
-3.87866
-3.88028
-3.88028
-3.88029
-3.87933
-3.87901
-3.88031
-3.88096
-3.87901
-3.87933
-3.87933
-3.8803
-3.87899
-3.87769
-3.87478
-3.87446
-3.87413
-3.87575
-3.87511
-3.8764
-3.87511
-3.87576
-3.87608
-3.87673
-3.87931
-3.88288
-3.88159
-3.8816
-3.88225
-3.88257
-3.88192
-3.88094
-3.88093
-3.88126
-3.88353
-3.88418
-3.88322
-3.88096
-3.8816
-3.88095
-3.87997
-3.88029
-3.88158
-3.88093
-3.88028
-3.88125
-3.87834
-3.88126
-3.8803
-3.87901
-3.87901
-3.87739
-3.87835
-3.87964
-3.879
-3.87932
-3.87835
-3.87803
-3.87673
-3.87609
-3.87738
-3.8777
-3.879
-3.88062
-3.87964
-3.87965
-3.879
-3.87739
-3.87415
-3.87447
-3.87576
-3.8764
-3.87867
-3.87608
-3.87673
-3.87544
-3.87545
-3.87447
-3.87674
-3.87867
-3.87964
-3.87899
-3.88126
-3.88094
-3.88256
-3.88289
-3.88322
-3.88322
-3.88257
-3.88256
-3.8845
-3.88321
-3.88127
-3.88062
-3.88062
-3.87802
-3.87866
-3.88027
-3.88028
-3.88224
-3.88257
-3.88355
-3.88452
-3.88581
-3.88385
-3.88514
-3.88417
-3.88352
-3.8832
-3.88127
-3.88159
-3.88062
-3.87868
-3.87965
-3.88094
-3.88158
-3.88125
-3.87866
-3.87898
-3.8793
-3.87672
-3.87932
-3.88224
-3.88127
-3.88322
-3.88127
-3.8845
-3.88288
-3.88158
-3.88191
-3.88256
-3.88127
-3.88062
-3.87836
-3.87771
-3.87545
-3.87544
-3.87544
-3.87672
-3.87769
-3.87801
-3.88061
-3.88158
-3.88159
-3.87966
-3.87966
-3.87998
-3.87901
-3.87998
-3.87868
-3.87899
-3.8777
-3.87607
-3.87704
-3.87736
-3.87833
-3.87963
-3.87737
-3.87737
-3.87803
-3.87706
-3.87835
-3.87868
-3.87802
-3.87964
-3.88093
-3.88449
-3.88417
-3.88287
-3.87996
-3.87932
-3.88029
-3.87964
-3.87866
-3.87769
-3.87801
-3.87833
-3.87898
-3.87962
-3.8806
-3.88222
-3.8819
-3.88256
-3.88191
-3.88353
-3.88385
-3.88417
-3.88319
-3.88351
-3.8848
-3.88448
-3.88448
-3.88319
-3.88222
-3.88351
-3.88255
-3.88255
-3.8832
-3.88223
-3.8832
-3.8832
-3.87995
-3.87833
-3.87607
-3.87833
-3.87575
-3.87704
-3.87477
-3.8751
-3.87381
-3.87381
-3.87511
-3.87608
-3.87672
-3.87865
-3.87929
-3.88026
-3.87961
-3.87961
-3.87736
-3.87769
-3.8764
-3.87737
-3.87639
-3.87574
-3.87671
-3.87736
-3.87704
-3.87737
-3.87737
-3.87737
-3.87866
-3.87995
-3.87995
-3.87865
-3.87639
-3.87413
-3.87575
-3.8764
-3.87672
-3.87639
-3.87573
-3.87638
-3.87638
-3.87767
-3.87897
-3.87962
-3.87671
-3.87509
-3.87381
-3.87381
-3.87543
-3.87446
-3.87672
-3.87769
-3.87574
-3.87574
-3.87833
-3.87801
-3.87802
-3.87899
-3.87835
-3.87899
-3.87834
-3.87671
-3.87703
-3.87736
-3.87768
-3.87671
-3.87768
-3.87898
-3.8793
-3.87866
-3.87866
-3.87672
-3.87704
-3.87801
-3.87736
-3.88092
-3.88027
-3.8806
-3.87607
-3.87769
-3.87704
-3.87801
-3.87769
-3.87509
-3.87509
-3.87509
-3.87639
-3.87639
-3.87542
-3.87607
-3.87478
-3.87478
-3.87673
-3.8764
-3.87769
-3.87833
-3.87962
-3.87801
-3.87865
-3.88092
-3.88254
-3.88222
-3.8819
-3.88062
-3.87868
-3.87965
-3.87899
-3.87866
-3.87898
-3.88027
-3.87866
-3.87899
-3.88027
-3.87865
-3.87832
-3.87606
-3.87737
-3.87964
-3.88061
-3.8832
-3.88449
-3.88254
-3.88449
-3.88222
-3.88319
-3.88059
-3.88156
-3.87995
-3.88351
-3.88384
-3.8832
-3.88126
-3.8832
-3.8832
-3.88351
-3.88221
-3.88156
-3.88221
-3.8835
-3.8861
-3.88708
-3.88676
-3.88675
-3.88578
-3.88319
-3.88222
-3.88028
-3.87931
-3.88061
-3.87995
-3.88092
-3.88319
-3.88319
-3.8819
-3.88158
-3.88158
-3.88159
