-6.82114
-6.83077
-6.83229
-6.82197
-6.80435
-6.78086
-6.7534
-6.73309
-6.71703
-6.71195
-6.71474
-6.72537
-6.74217
-6.76383
-6.79017
-6.81599
-6.84062
-6.86365
-6.88005
-6.8884
-6.88622
-6.87384
-6.85069
-6.82145
-6.78466
-6.75154
-6.71873
-6.69395
-6.67164
-6.65715
-6.65281
-6.65424
-6.66101
-6.67238
-6.68341
-6.69458
-6.70575
-6.71181
-6.71586
-6.72098
-6.7253
-6.73426
-6.74617
-6.76059
-6.77477
-6.79259
-6.80885
-6.82132
-6.82968
-6.83491
-6.82825
-6.81655
-6.79701
-6.77582
-6.75423
-6.7352
-6.71704
-6.70302
-6.69093
-6.68184
-6.67859
-6.67901
-6.68547
-6.69651
-6.70899
-6.72281
-6.7363
-6.7496
-6.76714
-6.78049
-6.79338
-6.80625
-6.81654
-6.82364
-6.82849
-6.82844
-6.82532
-6.81927
-6.81563
-6.81097
-6.80708
-6.80345
-6.80373
-6.80059
-6.79148
-6.7783
-6.75949
-6.74559
-6.73729
-6.73256
-6.73038
-6.72416
-6.7186
-6.71012
-6.70372
-6.69731
-6.6926
-6.68739
-6.68242
-6.67824
-6.67475
-6.67741
-6.68668
-6.70045
-6.72132
-6.74582
-6.77078
-6.79614
-6.81958
-6.83596
-6.8503
-6.86298
-6.86394
-6.86352
-6.85055
-6.83126
-6.80403
-6.77377
-6.74114
-6.71278
-6.69568
-6.69053
-6.69101
-6.69784
-6.70693
-6.71391
-6.71765
-6.72309
-6.72938
-6.74044
-6.7539
-6.76907
-6.78526
-6.79698
-6.80909
-6.816
-6.81356
-6.80541
-6.79008
-6.76987
-6.74915
-6.73129
-6.72133
-6.71871
-6.72506
-6.73646
-6.7525
-6.77178
-6.79444
-6.82002
-6.84598
-6.8724
-6.89551
-6.90814
-6.9131
-6.90887
-6.89737
-6.87777
-6.85329
-6.82744
-6.80018
-6.77391
-6.74934
-6.72687
-6.70737
-6.68953
-6.67524
-6.66537
-6.66177
-6.65968
-6.66211
-6.66501
-6.66725
-6.67056
-6.67381
-6.6782
-6.6846
-6.68888
-6.69131
-6.6931
-6.69344
-6.69376
-6.69695
-6.70581
-6.72114
-6.73826
-6.75969
-6.78313
-6.80203
-6.81903
-6.83056
-6.83867
-6.84123
-6.8372
-6.83054
-6.82124
-6.80805
-6.78982
-6.77371
-6.75908
-6.75033
-6.74462
-6.74433
-6.74894
-6.7606
-6.77338
-6.78759
-6.79788
-6.80611
-6.80755
-6.80381
-6.80134
-6.79539
-6.78965
-6.7837
-6.77223
-6.75827
-6.74149
-6.72524
-6.70828
-6.69683
-6.69024
-6.69307
-6.70539
-6.72783
-6.75362
-6.7819
-6.80633
-6.82268
-6.83119
-6.83136
-6.82154
-6.80219
-6.77405
-6.74274
-6.70971
-6.6759
-6.64853
-6.62822
-6.61573
-6.61727
-6.63131
-6.66036
-6.69653
-6.74245
-6.78399
-6.82315
-6.85641
-6.88037
-6.89596
-6.90358
-6.89804
-6.88434
-6.86445
-6.83993
-6.81717
-6.79707
-6.78321
-6.77385
-6.76817
-6.76497
-6.76093
-6.75477
-6.74764
-6.73723
-6.72822
-6.71982
-6.71184
-6.70278
-6.69808
-6.69702
-6.69901
-6.70669
-6.71619
-6.72836
-6.74433
-6.76018
-6.77393
-6.78805
-6.80043
-6.81139
-6.82417
-6.83699
-6.84839
-6.8579
-6.85979
-6.85313
-6.83531
-6.80839
-6.77273
-6.73091
-6.69296
-6.65998
-6.63783
-6.62725
-6.6314
-6.64636
-6.67074
-6.70081
-6.72471
-6.74613
-6.75732
-6.761
-6.75844
-6.74598
-6.72868
-6.7108
-6.69492
-6.68511
-6.68556
-6.69129
-6.70331
-6.71797
-6.73826
-6.76152
-6.78674
-6.80981
-6.83515
-6.85911
-6.87817
-6.89223
-6.90194
-6.90694
-6.90244
-6.89132
-6.8753
-6.85798
-6.83722
-6.81576
-6.79329
-6.77428
-6.75836
-6.74387
-6.72821
-6.70952
-6.68836
-6.66718
-6.64885
-6.63791
-6.63618
-6.64717
-6.67006
-6.69892
-6.73326
-6.76539
-6.78771
-6.80187
-6.80511
-6.79672
-6.77874
-6.75731
-6.73097
-6.70293
-6.68139
-6.66379
-6.65846
-6.66456
-6.68255
-6.71126
-6.7425
-6.7756
-6.80614
-6.83121
-6.84867
-6.85978
-6.86506
-6.86329
-6.85354
-6.83802
-6.81753
-6.79414
-6.77148
-6.75304
-6.73842
-6.73156
-6.73151
-6.73736
-6.74737
-6.76143
-6.77823
-6.79176
-6.80261
-6.80745
-6.8133
-6.8138
-6.80914
-6.79822
-6.78239
-6.76047
-6.73895
-6.7166
-6.70115
-6.6963
-6.70245
-6.71793
-6.74125
-6.76365
-6.78308
-6.79713
-6.8053
-6.80489
-6.79683
-6.784
-6.76816
-6.75167
-6.73453
-6.71827
-6.70641
-6.70218
-6.70392
-6.71256
-6.7247
-6.73911
-6.75315
-6.76743
-6.77682
-6.78054
-6.77611
-6.77017
-6.76241
-6.75635
-6.75126
-6.75481
-6.75945
-6.76321
-6.76394
-6.76056
-6.75154
-6.73497
-6.71249
-6.68808
-6.66648
-6.65771
-6.66431
-6.68946
-6.72244
-6.76111
-6.79598
-6.82295
-6.83891
-6.84539
-6.84144
-6.82502
-6.80341
-6.77887
-6.75842
-6.7415
-6.73367
-6.73649
-6.74663
-6.76909
-6.79286
-6.81882
-6.83907
-6.85412
-6.86269
-6.86037
-6.85027
-6.83136
-6.80683
-6.78444
-6.76103
-6.74396
-6.73364
-6.72983
-6.7293
-6.73561
-6.74855
-6.76013
-6.77231
-6.78372
-6.78862
-6.79217
-6.79051
-6.78766
-6.78004
-6.77001
-6.75471
-6.73495
-6.71567
-6.69564
-6.67561
-6.66022
-6.65254
-6.64985
-6.65824
-6.67184
-6.69119
-6.71101
-6.73216
-6.75158
-6.76809
-6.78066
-6.78592
-6.78468
-6.77548
-6.7595
-6.74097
-6.72658
-6.7164
-6.71771
-6.73197
-6.76075
-6.79209
-6.82384
-6.8469
-6.85645
-6.85307
-6.83845
-6.81011
-6.77532
-6.73987
-6.71122
-6.69644
-6.6974
-6.71315
-6.73846
-6.76855
-6.79647
-6.81998
-6.83682
-6.84438
-6.8423
-6.83535
-6.83088
-6.82448
-6.8221
-6.81843
-6.81228
-6.80178
-6.78956
-6.77652
-6.75914
-6.74485
-6.73204
-6.72445
-6.72045
-6.7241
-6.73408
-6.74591
-6.76313
-6.78059
-6.79717
-6.81263
-6.82245
-6.82946
-6.83182
-6.82744
-6.81559
-6.79851
-6.77784
-6.75609
-6.73677
-6.72171
-6.70765
-6.69849
-6.69397
-6.69102
-6.68914
-6.68824
-6.68738
-6.68708
-6.68675
-6.68456
-6.69077
-6.69895
-6.71422
-6.73593
-6.75974
-6.78693
-6.81321
-6.83069
-6.84237
-6.84084
-6.83373
-6.82142
-6.80416
-6.78836
-6.77191
-6.7591
-6.75258
-6.74778
-6.7474
-6.75013
-6.75409
-6.76022
-6.76599
-6.77319
-6.78783
-6.80822
-6.82642
-6.84533
-6.8609
-6.87022
-6.8707
-6.86411
-6.84799
-6.82539
-6.80131
-6.77376
-6.74766
-6.72602
-6.70902
-6.69676
-6.68823
-6.68314
-6.6783
-6.67236
-6.66083
-6.65231
-6.64276
-6.63611
-6.63578
-6.64544
-6.66038
-6.68032
-6.70284
-6.73287
-6.76393
-6.79372
-6.82255
-6.84553
-6.86354
-6.87847
-6.88368
-6.88099
-6.87468
-6.86391
-6.84713
-6.82901
-6.80533
-6.78207
-6.76014
-6.73659
-6.7151
-6.69551
-6.67978
-6.67136
-6.67094
-6.67958
-6.69284
-6.7085
-6.72492
-6.73462
-6.74244
-6.74852
-6.75117
-6.75797
-6.7623
-6.77121
-6.77941
-6.78911
-6.80137
-6.81464
-6.83004
-6.8474
-6.86385
-6.87859
-6.89206
-6.89739
-6.89625
-6.88982
-6.87303
-6.84575
-6.81311
-6.77814
-6.74311
-6.70758
-6.67714
-6.65116
-6.63372
-6.62209
-6.61879
-6.62188
-6.62546
-6.63278
-6.64211
-6.65569
-6.67836
-6.70892
-6.74162
-6.77594
-6.79993
-6.81518
-6.81972
-6.81456
-6.7988
-6.77821
-6.75235
-6.7258
-6.70552
-6.69103
-6.68212
-6.68189
-6.69049
-6.70462
-6.72184
-6.73989
-6.75753
-6.77262
-6.7842
-6.79048
-6.79658
-6.80033
-6.80357
-6.80388
-6.80529
-6.80694
-6.80854
-6.8111
-6.81456
-6.818
-6.81788
-6.81556
-6.81158
-6.80364
-6.79048
-6.77775
-6.76528
-6.75359
-6.74643
-6.74263
-6.74458
-6.7489
-6.7538
-6.75852
-6.76419
-6.76348
-6.76311
-6.76263
-6.76276
-6.76118
-6.76389
-6.76551
-6.76417
-6.76401
-6.76156
-6.75902
-6.75699
-6.75648
-6.75693
-6.75855
-6.76534
-6.77343
-6.778
-6.78242
-6.78536
-6.7875
-6.7882
-6.78467
-6.77848
-6.77202
-6.76086
-6.74693
-6.72918
-6.71319
-6.6968
-6.6841
-6.67556
-6.67172
-6.67365
-6.67738
-6.6831
-6.6897
-6.69709
-6.70896
-6.72237
-6.73739
-6.75792
-6.77831
-6.79815
-6.81937
-6.83604
-6.85549
-6.87124
-6.88447
-6.89073
-6.889
-6.87881
-6.85358
-6.82055
-6.78088
-6.73566
-6.69331
-6.65724
-6.62995
-6.6156
-6.61652
-6.63417
-6.66464
-6.70284
-6.74566
-6.78577
-6.81616
-6.83857
-6.84836
-6.85425
-6.8483
-6.83797
-6.82062
-6.80467
-6.78652
-6.77275
-6.76192
-6.75206
-6.74782
-6.74691
-6.74658
-6.74751
-6.75138
-6.75547
-6.75663
-6.75783
-6.76004
-6.76031
-6.7606
-6.75552
-6.74593
-6.73418
-6.72073
-6.70071
-6.68143
-6.66451
-6.65227
-6.64629
-6.65188
-6.66364
-6.6842
-6.70775
-6.73435
-6.76206
-6.78841
-6.81066
-6.83129
-6.85037
-6.86163
-6.86911
-6.87492
-6.87273
-6.86319
-6.85049
-6.83405
-6.8107
-6.7871
-6.76683
-6.7521
-6.73994
-6.7358
-6.73503
-6.7375
-6.74254
-6.74957
-6.75537
-6.76493
-6.77661
-6.78672
-6.80052
-6.81589
-6.82945
-6.8411
-6.8489
-6.84901
-6.83883
-6.82282
-6.80098
-6.77615
-6.74678
-6.71595
-6.68615
-6.65766
-6.63588
-6.62438
-6.62282
-6.62995
-6.64455
-6.66346
-6.68882
-6.71708
-6.74478
-6.76844
-6.78744
-6.80457
-6.81244
-6.81283
-6.80847
-6.79667
-6.78384
-6.77729
-6.77469
-6.77836
-6.79295
-6.81472
-6.83951
-6.86193
-6.87692
-6.88582
-6.88595
-6.87634
-6.85811
-6.82984
-6.79884
-6.76924
-6.7423
-6.72077
-6.70286
-6.68872
-6.68037
-6.67448
-6.67178
-6.67027
-6.67503
-6.68405
-6.69816
-6.7137
-6.72845
-6.74299
-6.75615
-6.76767
-6.77486
-6.78217
-6.79168
-6.79899
-6.80598
-6.81053
-6.81578
-6.81467
-6.80997
-6.80325
-6.791
-6.78024
-6.77031
-6.76365
-6.76213
-6.76443
-6.76517
-6.76568
-6.76595
-6.76206
-6.75837
-6.75248
-6.74752
-6.74843
-6.75076
-6.75712
-6.76694
-6.77741
-6.78694
-6.79681
-6.80167
-6.80343
-6.80096
-6.79061
-6.77567
-6.75955
-6.74706
-6.73514
-6.72991
-6.73023
-6.73172
-6.73781
-6.74323
-6.75213
-6.7628
-6.77365
-6.78565
-6.79652
-6.80808
-6.81927
-6.82793
-6.8335
-6.83281
-6.82386
-6.80544
-6.78503
-6.76084
-6.73692
-6.71639
-6.7038
-6.70296
-6.70925
-6.72196
-6.74063
-6.7605
-6.78013
-6.79491
-6.80349
-6.80364
-6.7958
-6.78059
-6.75848
-6.7346
-6.71073
-6.68937
-6.67539
-6.67186
-6.67509
-6.68972
-6.71191
-6.73878
-6.76691
