0
0.127971
0.0954659
0.0695463
0.0598993
0.0512363
0.0450646
0.0390296
0.035421
0.0346647
0.035269
0.0325509
0.0353657
0.0331389
0.0325387
0.0312775
0.0296868
0.0289887
0.0276386
0.0266535
0.0253699
0.024225
0.0234617
0.0224663
0.0229781
0.0225246
0.0216876
0.0212413
0.0205036
0.0201682
0.0203298
0.0198317
0.0192295
0.0186567
0.0181278
0.0176299
0.0173216
0.0169077
0.0167009
0.0163475
0.0159439
0.0155778
0.015214
0.0148649
0.0145308
0.0148965
0.014647
0.014814
0.0145085
0.0148187
0.014682
0.0145717
0.0143059
0.0141478
0.0140711
0.0138193
0.0136608
0.0135176
0.0133803
0.0131558
0.0129444
0.0127342
0.0127902
0.0126415
0.0124674
0.0124749
0.0123677
0.0123156
0.0124126
0.0122879
0.0123074
0.0121569
0.0120583
0.0120322
0.0118738
0.0117291
0.0117541
0.0116431
0.0114948
0.0116272
0.011483
0.0113728
0.0112422
0.0111255
0.0112519
0.0111623
0.0111829
0.0110565
0.0109614
0.0109415
0.0108815
0.0107783
0.010861
0.0108914
0.0108165
0.0107876
0.0109105
0.0108194
0.0107946
0.0107075
