4.786
4.91397
4.97443
4.9577
4.98389
4.99916
4.98668
4.98712
4.97876
4.99283
4.97668
4.97189
4.95307
4.95818
4.96853
4.97573
4.97147
4.97902
4.98248
4.98727
4.98821
4.98952
4.9857
4.98531
4.99328
4.98881
4.98805
4.99185
4.99128
4.99508
4.98935
4.99176
4.9912
4.99099
4.99165
4.99097
4.98852
4.98979
4.98702
4.98551
4.98556
4.98632
4.98603
4.98617
4.98619
4.99066
4.9921
4.99582
4.99585
4.99166
4.98952
4.98727
4.98785
4.9861
4.98836
4.98858
4.98705
4.98865
4.99023
4.99012
4.98973
4.98981
4.98725
4.9884
4.98767
4.98988
4.99129
4.99308
4.99047
4.99162
4.9938
4.99452
4.99581
4.99763
4.9979
4.99844
5.00048
5.00145
5.00145
4.99893
4.99901
4.99818
4.99778
4.99841
5.0008
5.00177
4.99995
4.99977
5.00058
5.00208
5.00093
5.00035
5.00242
5.00064
4.9997
5.00105
5.0033
5.00397
5.00532
5.00465
