0
0.0785464
0.0454043
0.0321546
0.029918
0.0258883
0.0223542
0.0195449
0.0173639
0.0155417
0.0152712
0.0144757
0.0133463
0.0131024
0.0131354
0.0131935
0.0124208
0.0128456
0.0121774
0.0117679
0.0114244
0.0109097
0.0104461
0.0101121
0.00982126
0.0094888
0.0091544
0.00882499
0.00858745
0.00875946
0.00851742
0.00842769
0.00821704
0.00797447
0.00777418
0.00760603
0.0076038
0.00743945
0.00724787
0.00708638
0.00691214
0.00678206
0.00688446
0.00673711
0.0067194
0.00657212
0.00644047
0.00647276
0.00634188
0.00627483
0.00615059
0.00608361
0.00605053
0.00593906
0.00584249
0.00586015
0.00576901
0.00569021
0.00559591
0.00550592
0.00551267
0.00547671
0.00541318
0.00533113
0.00541131
0.00536032
0.00528049
0.00520856
0.0051338
0.00509892
0.00516965
0.00510009
0.00507182
0.00502401
0.00500208
0.00498698
0.00493432
0.00491609
0.00486973
0.00486344
0.00483131
0.00485072
0.00483215
0.00477679
0.00472528
0.00467142
0.00474591
0.00469203
0.0046392
0.0045898
0.00457413
0.00453013
0.00448591
0.00445497
0.00440888
0.00438515
0.00447329
0.00444903
0.00440744
0.00445897
