1.4716
1.55015
1.55239
1.55417
1.53759
1.52902
1.5336
1.53091
1.52882
1.5294
1.52344
1.52734
1.52824
1.52388
1.52876
1.52395
1.52478
1.5195
1.51869
1.51645
1.51874
1.51935
1.52001
1.51852
1.51698
1.51598
1.51532
1.51557
1.51446
1.51165
1.51077
1.50904
1.50814
1.50835
1.50766
1.50678
1.50502
1.50578
1.50562
1.50618
1.50628
1.50699
1.50511
1.50472
1.50606
1.50598
1.50633
1.5078
1.50762
1.50849
1.50847
1.50768
1.50668
1.50654
1.50692
1.50811
1.50773
1.50724
1.50706
1.50684
1.50581
1.50658
1.50607
1.50625
1.50493
1.50435
1.50426
1.50452
1.5044
1.50377
1.50256
1.5024
1.50305
1.50351
1.50418
1.5049
1.50454
1.50521
1.50481
1.50554
1.50502
1.50415
1.50353
1.50368
1.5039
1.50379
1.50269
1.50263
1.50267
1.50282
1.50339
1.50316
1.50295
1.50334
1.50343
1.50388
1.50496
1.5054
1.50558
1.50466
