0
2.45576
1.62418
1.22573
0.973696
0.811335
0.696566
0.60863
0.541103
0.48669
0.44226
0.40505
0.374033
0.347577
0.324686
0.304455
0.286244
0.270236
0.256083
0.24317
0.231785
0.221255
0.211627
0.202893
0.194728
0.187241
0.180246
0.173742
0.167717
0.162117
0.156884
0.151979
0.14734
0.142958
0.138853
0.135096
0.131497
0.128062
0.124759
0.121621
0.118701
0.115887
0.113175
0.110655
0.108177
0.105811
0.103579
0.101433
0.0993599
0.0973942
0.0955224
0.0937054
0.0919205
0.0902242
0.0885972
0.0870009
0.0854717
0.0839875
0.0825688
0.0812028
0.0798913
0.0786057
0.0773701
0.0761735
0.0750098
0.0738731
0.0727937
0.07172
0.0706793
0.069668
0.0686888
0.0677489
0.0668205
0.0659121
0.0650329
0.0641818
0.0633431
0.062529
0.0617327
0.0609705
0.0602552
0.0595186
0.0587993
0.0581114
0.057434
0.0567748
0.0561185
0.0555018
0.0548762
0.0542665
0.0536716
0.0530908
0.0525171
0.0519639
0.0514194
0.0508913
0.0503664
0.0498498
0.0493458
0.0488551
