0
0.0194426
0.0339643
0.0289309
0.0235693
0.0196153
0.01658
0.014802
0.0131844
0.0119716
0.0114083
0.0122128
0.01133
0.0104973
0.0104149
0.00975038
0.00966586
0.00922004
0.00979394
0.0092932
0.00904072
0.00869787
0.0083589
0.00850857
0.00826228
0.00801606
0.00787855
0.00769649
0.00766453
0.00747646
0.00724211
0.00701805
0.00684388
0.00665147
0.00645874
0.00636422
0.00631255
0.00639978
0.00641678
0.00626272
0.00614144
0.00599693
0.00585733
0.00583374
0.00578407
0.00569843
0.00559814
0.00549065
0.00538051
0.00527377
0.00534239
0.00528067
0.00560946
0.00551413
0.00541404
0.00546669
0.00537286
0.00528496
0.00534335
0.00527717
0.00533598
0.00524993
0.00516899
0.00510649
0.00508501
0.00501372
0.00493929
0.00490565
0.00484018
0.0048015
0.00473367
0.00471093
0.00476926
0.00471171
0.00465352
0.00474007
0.00476709
0.00488216
0.00491243
0.00486374
0.00490518
0.00484939
0.00479797
0.00474441
0.00469988
0.00465746
0.00461198
0.00465214
0.00463361
0.00463901
0.00461497
0.00456892
0.00452219
0.00449361
0.00444908
0.00440471
0.00436376
0.00432301
0.00429107
0.00428184
