5.05357
4.98368
4.97223
5.00171
4.9726
4.98082
4.96281
4.94104
4.95746
4.96287
4.97521
4.99054
4.98009
4.97662
4.97706
4.98075
4.98648
4.98547
4.97915
4.97469
4.97675
4.98115
4.98889
4.99369
5.00017
4.99815
4.99303
4.99472
4.99666
4.99091
4.98936
4.98779
4.98405
4.98547
4.98432
4.98618
4.99103
4.99171
4.99142
4.98811
4.989
4.99198
4.98973
4.99168
4.99357
4.99328
4.99476
4.99471
4.99766
4.99754
4.99491
4.99488
4.99394
4.99645
4.99688
4.99778
5.00117
5.00236
5.00002
5.00389
5.00122
5.00033
5.00146
4.9996
4.9983
4.99891
4.99987
5.00108
5.00286
5.00351
5.00309
5.00239
5.002
5.00343
5.00271
5.00398
5.00339
5.00254
5.00298
5.00408
5.00446
5.00587
5.00563
5.00548
5.00488
5.00514
5.00519
5.0056
5.00549
5.00618
5.00419
5.00243
5.00196
5.00142
5.00053
4.99959
4.99764
4.99937
4.99898
4.99833
