0
0.0698876
0.0419438
0.0418177
0.0435463
0.0364921
0.0357119
0.0378237
0.0371805
0.0336918
0.0328799
0.033703
0.0327157
0.0304865
0.0283847
0.0268073
0.025824
0.0243681
0.0239003
0.0231074
0.0220757
0.0215022
0.0219554
0.0215623
0.0216727
0.0209196
0.0207722
0.0200879
0.0194794
0.0196764
0.0190942
0.0185547
0.0183681
0.0178761
0.0173957
0.0170081
0.0172372
0.0167913
0.0163577
0.0162846
0.0159073
0.0158085
0.0155999
0.0153657
0.0151391
0.0148092
0.0145661
0.0142594
0.0142721
0.0139842
0.0139573
0.0136863
0.0134585
0.0134438
0.013204
0.0129976
0.0132095
0.0130345
0.0130248
0.0133777
0.0134233
0.0132351
0.0130719
0.0129994
0.0128639
0.0126822
0.0125287
0.0124015
0.0123501
0.0121896
0.0120239
0.0118767
0.0117191
0.0116479
0.0115141
0.0114318
0.0112977
0.0111846
0.0110509
0.010967
0.0108376
0.0107973
0.0106691
0.0105425
0.010435
0.0103163
0.0101972
0.0100893
0.00997593
0.00988825
0.00997813
0.0100255
0.00992816
0.00983691
0.00977357
0.00971684
0.00981012
0.0098614
0.00976883
0.00969268
