1.45481
1.47425
1.50631
1.49018
1.49748
1.49368
1.49395
1.49754
1.49569
1.49363
1.49722
1.5036
1.50213
1.50172
1.49812
1.49852
1.50161
1.50301
1.49855
1.49874
1.49684
1.49568
1.49657
1.49368
1.49239
1.49128
1.49288
1.49415
1.49604
1.49501
1.49461
1.4949
1.49566
1.49606
1.49602
1.49497
1.49373
1.49194
1.49346
1.49314
1.4925
1.49229
1.49216
1.49103
1.49199
1.49268
1.49218
1.49184
1.49166
1.49152
1.49017
1.49083
1.49298
1.49266
1.49255
1.49382
1.494
1.49376
1.49501
1.49451
1.49327
1.49319
1.49301
1.49257
1.49333
1.49308
1.49318
1.4938
1.49356
1.4941
1.49405
1.49341
1.49449
1.49475
1.49497
1.49379
1.49471
1.49601
1.49696
1.4966
1.49561
1.49581
1.49555
1.49536
1.49503
1.49468
1.49496
1.49404
1.49348
1.49275
1.49225
1.49245
1.49261
1.49218
1.49235
1.49249
1.49269
1.49288
1.4932
1.49373
