6.35806
3.9023
3.11003
2.68172
2.46578
2.30389
2.18136
2.10056
2.03215
1.98084
1.93849
1.90577
1.87296
1.84305
1.81623
1.79503
1.78287
1.76888
1.75345
1.74291
1.72794
1.71729
1.70786
1.69728
1.69045
1.6829
1.67776
1.67348
1.66853
1.66322
1.65811
1.65326
1.64991
1.64766
1.64437
1.63788
1.6327
1.62838
1.62594
1.62369
1.61924
1.61595
1.61413
1.60985
1.60846
1.60689
1.6039
1.60121
1.59931
1.59646
1.59316
1.59049
1.59065
1.58866
1.5864
1.58624
1.58488
1.58425
1.58257
1.58069
1.57847
1.57701
1.57516
1.57333
1.57172
1.5706
1.56845
1.56763
1.56667
1.56579
1.56467
1.56299
1.56209
1.56178
1.56092
1.55977
1.55956
1.5602
1.56003
1.5587
1.55645
1.55587
1.55537
1.554
1.55291
1.55171
1.55178
1.55012
1.5497
1.54909
1.54838
1.54759
1.54743
1.54649
1.54575
1.54472
1.54422
1.54431
1.54386
1.54314
