              1      -0.966598      -0.966598              0
              2      -0.974543       -0.97057      0.0039728
              3      -0.972318      -0.971153     0.00236648
              4       -0.97395      -0.971852     0.00181356
              5      -0.974742       -0.97243     0.00151901
              6       -0.97093       -0.97218      0.0012652
              7      -0.973658      -0.972391     0.00108992
              8      -0.978136      -0.973109     0.00118602
              9      -0.971022      -0.972877     0.00107138
             10       -0.97466      -0.973056    0.000974712
             11      -0.977946        -0.9735    0.000987397
             12      -0.976382       -0.97374    0.000932803
             13      -0.971806      -0.973591    0.000870853
             14      -0.972926      -0.973544    0.000807651
             15      -0.974358      -0.973598     0.00075384
             16      -0.974229      -0.973638    0.000706253
             17      -0.974034      -0.973661     0.00066382
             18      -0.975236      -0.973748    0.000631943
             19      -0.976698      -0.973904    0.000617592
             20      -0.976306      -0.974024     0.00059808
             21      -0.973015      -0.973976    0.000570912
             22      -0.970922      -0.973837    0.000561758
             23      -0.974048      -0.973846    0.000536857
             24      -0.975566      -0.973918    0.000518975
             25       -0.97576      -0.973992    0.000503207
             26      -0.975586      -0.974053    0.000487338
             27      -0.972764      -0.974005    0.000471364
             28      -0.977041      -0.974114    0.000466978
             29      -0.975237      -0.974152    0.000452249
             30       -0.97772      -0.974271     0.00045281
             31      -0.974095      -0.974266    0.000437997
             32       -0.97571      -0.974311    0.000426483
             33      -0.976052      -0.974363    0.000416711
             34      -0.975326      -0.974392    0.000405259
             35      -0.970891      -0.974292    0.000406021
             36      -0.975073      -0.974313    0.000395177
             37       -0.97665      -0.974377      0.0003895
             38       -0.97523      -0.974399    0.000379776
             39      -0.975283      -0.974422    0.000370604
             40      -0.971665      -0.974353    0.000367736
             41      -0.972058      -0.974297    0.000362994
             42      -0.971774      -0.974237    0.000359301
             43      -0.975315      -0.974262    0.000351741
             44      -0.977714       -0.97434    0.000352499
             45      -0.976199      -0.974382    0.000347044
             46      -0.974396      -0.974382    0.000339416
             47      -0.970657      -0.974303    0.000341442
             48      -0.976753      -0.974354    0.000338128
             49      -0.974371      -0.974354    0.000331156
             50      -0.975551      -0.974378    0.000325347
             51       -0.97497       -0.97439    0.000319115
             52      -0.976582      -0.974432    0.000315744
             53      -0.972942      -0.974404    0.000311002
             54      -0.974123      -0.974398    0.000305232
             55        -0.9743      -0.974397    0.000299637
             56      -0.976668      -0.974437     0.00029702
             57      -0.976347      -0.974471     0.00029368
             58      -0.974537      -0.974472    0.000288575
             59      -0.976104        -0.9745    0.000284987
             60      -0.976638      -0.974535    0.000282456
             61      -0.976148      -0.974562    0.000279042
             62      -0.970289      -0.974493    0.000283023
             63      -0.977079      -0.974534    0.000281505
             64      -0.973564      -0.974519    0.000277485
             65       -0.97173      -0.974476     0.00027653
             66      -0.977638      -0.974524    0.000276492
             67      -0.974313       -0.97452    0.000272352
             68      -0.976578      -0.974551    0.000270019
             69      -0.973605      -0.974537    0.000266429
             70      -0.972954      -0.974514    0.000263567
             71      -0.975659      -0.974531    0.000260328
             72      -0.973842      -0.974521    0.000256865
             73      -0.974415       -0.97452    0.000253326
             74        -0.9719      -0.974484    0.000252375
             75      -0.974026      -0.974478    0.000249062
             76      -0.971153      -0.974434    0.000249627
             77       -0.97415      -0.974431    0.000246391
             78      -0.975015      -0.974438    0.000243327
             79      -0.973384      -0.974425    0.000240598
             80      -0.972672      -0.974403     0.00023858
             81       -0.97742       -0.97444    0.000238542
             82      -0.976374      -0.974464    0.000236792
             83      -0.975165      -0.974472    0.000234074
             84      -0.977714      -0.974511    0.000234468
             85       -0.97322      -0.974496     0.00023219
             86      -0.973796      -0.974487    0.000229619
             87      -0.973718      -0.974479    0.000227136
             88      -0.972418      -0.974455    0.000225757
             89      -0.970853      -0.974415    0.000226846
             90      -0.976487      -0.974438    0.000225491
             91       -0.97258      -0.974417    0.000223931
             92      -0.973966      -0.974412    0.000221538
             93      -0.972746      -0.974394    0.000219874
             94      -0.972206      -0.974371    0.000218764
             95      -0.974094      -0.974368    0.000216469
             96      -0.975908      -0.974384    0.000214802
             97       -0.97554      -0.974396    0.000212909
             98        -0.9714      -0.974366    0.000212932
             99      -0.972278      -0.974345    0.000211823
            100      -0.975821      -0.974359    0.000210213
