              1       -0.99536       -0.99536              0
              2        0.00536         -0.495        0.50036
              3        0.94696     -0.0143467       0.560786
              4        0.53872        0.12392        0.41995
              5       -0.57368        -0.0156        0.35395
              6         0.2812      0.0338667       0.293202
              7        0.91892       0.160303       0.278193
              8        0.40004        0.19027       0.242779
              9        0.04048       0.173627       0.214757
             10       -0.93032       0.063232       0.221548
             11       -0.98512     -0.0320727       0.221906
             12        0.68888      0.0280067       0.211293
             13        0.98808       0.101858       0.207919
             14        0.60364         0.1377       0.195804
             15        0.53476       0.164171       0.184195
             16        0.98408       0.215415       0.179758
             17         0.8416       0.252249       0.172824
             18       -0.72372       0.198029       0.171725
             19       -0.84416       0.143177       0.171447
             20       -0.20264       0.125886       0.163565
             21        0.96864       0.166017       0.160674
             22        0.17572       0.166458       0.153197
             23         0.9436       0.200247       0.150234
             24        0.26008        0.20274        0.14386
             25        0.02408       0.195594        0.13817
             26        0.98232       0.225852       0.136155
             27         0.9982       0.254458       0.134101
             28        0.92488       0.278401       0.131423
             29       -0.26696       0.259596       0.128197
             30       -0.69856       0.227657       0.127902
             31       -0.33708        0.20944       0.125041
             32        -0.5842       0.184639       0.123585
             33       -0.76624       0.155824       0.123198
             34        -0.5522          0.135       0.121321
             35        0.00232       0.131209       0.117864
             36        0.27556       0.135219       0.114614
             37       -0.95876       0.105652       0.115327
             38        -0.0072       0.102682       0.112291
             39          0.946       0.124306       0.111491
             40        0.10812       0.123901       0.108668
             41        -0.8954        0.09904       0.108862
             42       -0.55276       0.083521       0.107366
             43        0.99784       0.104784       0.106974
             44         0.9646       0.124325       0.106325
             45        0.96004       0.142897       0.105582
             46       -0.46596       0.129661       0.104106
             47       -0.59588       0.114224        0.10303
             48       -0.60296      0.0992825       0.101961
             49        0.06088      0.0984988      0.0998617
             50        0.12756        0.09908      0.0978458
             51         0.9576       0.115914      0.0973742
             52        0.00952       0.113868      0.0955052
             53       -0.10204       0.109794      0.0937744
             54        0.69616       0.120653      0.0926599
             55        0.96448       0.135995      0.0922444
             56        0.20896       0.137298      0.0905916
             57        0.23584       0.139027      0.0890048
             58       -0.72624       0.124108      0.0887201
             59       -0.74748       0.109336      0.0884458
             60        -0.3914        0.10099      0.0873588
             61       -0.79268      0.0863397      0.0871549
             62       -0.55332      0.0760226      0.0863562
             63        0.23888      0.0786076      0.0850137
             64        0.40076      0.0836412      0.0838261
             65         0.7124      0.0933145      0.0830913
             66        -0.5604      0.0834097        0.08242
             67       -0.95112       0.067969      0.0826359
             68        0.17236      0.0695041      0.0814261
             69        0.90096      0.0815542      0.0811371
             70        0.88784      0.0930726      0.0807949
             71       -0.46672      0.0851882      0.0800381
             72       -0.43964      0.0778989      0.0792545
             73        0.89592      0.0891047      0.0789605
             74       -0.25884      0.0844027       0.078028
             75       -0.05964      0.0824821      0.0770045
             76       -0.68192      0.0724242      0.0766473
             77        0.80636      0.0819558      0.0762435
             78       -0.81948       0.070399      0.0761418
             79       -0.83392      0.0589519      0.0760384
             80         -0.996       0.045765      0.0762312
             81       -0.95068      0.0334632      0.0762826
             82        0.38404      0.0377385      0.0754678
             83        0.98484      0.0491494      0.0754212
             84         0.0964      0.0497119        0.07452
             85       -0.93756      0.0380969      0.0745485
             86       -0.83968      0.0278902      0.0743802
             87       -0.86828      0.0175894      0.0742384
             88       -0.98452     0.00620182      0.0742681
             89        0.38012      0.0104031       0.073549
             90        0.93564      0.0206836      0.0734502
             91        0.83412      0.0296224      0.0731865
             92        0.52936      0.0350543      0.0725902
             93        0.16688      0.0364718      0.0718194
             94         0.9772      0.0464796      0.0717526
             95        0.93672      0.0558505      0.0716091
             96        0.49676      0.0604433      0.0710079
             97         0.9278      0.0693852      0.0708387
             98        0.85512      0.0774029      0.0705691
             99       -0.83572      0.0681794      0.0704589
            100        0.11912      0.0686888      0.0697526
