              1       -182.862       -182.862              0
              2       -185.947       -184.405        1.54235
              3        -185.08        -184.63       0.918526
              4       -185.716       -184.901       0.703937
              5       -186.024       -185.126       0.589713
              6       -184.541       -185.028        0.49126
              7       -185.602        -185.11       0.423195
              8        -187.35        -185.39       0.461193
              9       -184.577         -185.3       0.416661
             10       -185.992       -185.369       0.379054
             11       -187.276       -185.542       0.384179
             12       -186.664       -185.636       0.362951
             13       -184.882       -185.578       0.338872
             14       -185.317       -185.559       0.314287
             15       -185.875        -185.58       0.293341
             16       -185.824       -185.596       0.274819
             17       -185.749       -185.605       0.258304
             18       -186.217       -185.639       0.245897
             19       -186.788       -185.699       0.240333
             20       -186.635       -185.746       0.232748
             21       -185.352       -185.727       0.222182
             22       -184.538       -185.673       0.218628
             23       -185.754       -185.677       0.208936
             24       -186.346       -185.704       0.201976
             25       -186.422       -185.733        0.19584
             26       -186.353       -185.757       0.189664
             27       -185.254       -185.738       0.183453
             28       -186.922       -185.781       0.181761
             29       -186.217       -185.796       0.176027
             30       -187.187       -185.842       0.176271
             31       -185.772        -185.84       0.170505
             32       -186.402       -185.857       0.166023
             33       -186.536       -185.878        0.16222
             34       -186.252       -185.889        0.15776
             35       -184.526        -185.85       0.158059
             36       -186.153       -185.858       0.153837
             37       -186.769       -185.883       0.151631
             38       -186.215       -185.892       0.147845
             39       -186.235       -185.901       0.144273
             40       -184.826       -185.874       0.143161
             41        -184.98       -185.852       0.141319
             42       -184.869       -185.828       0.139884
             43       -186.248       -185.838        0.13694
             44       -187.185       -185.869       0.137249
             45       -186.593       -185.885       0.135125
             46        -185.89       -185.885       0.132155
             47       -184.435       -185.854       0.132943
             48       -186.809       -185.874       0.131656
             49        -185.88       -185.874       0.128941
             50        -186.34       -185.884       0.126679
             51       -186.113       -185.888       0.124252
             52       -186.742       -185.904       0.122941
             53       -185.323       -185.893       0.121097
             54       -185.783       -185.891       0.118851
             55       -185.852       -185.891       0.116672
             56       -186.776       -185.907       0.115655
             57       -186.651        -185.92       0.114356
             58       -185.944        -185.92       0.112368
             59       -186.556       -185.931       0.110971
             60       -186.765       -185.945       0.109987
             61       -186.573       -185.955       0.108658
             62       -184.292       -185.928       0.110205
             63       -186.937       -185.944       0.109617
             64       -185.565       -185.938       0.108053
             65       -184.852       -185.922       0.107682
             66       -187.155        -185.94       0.107674
             67       -185.857       -185.939       0.106062
             68       -186.741       -185.951       0.105154
             69       -185.581       -185.945       0.103757
             70       -185.328       -185.937       0.102644
             71       -186.382       -185.943       0.101382
             72       -185.673       -185.939       0.100034
             73       -185.897       -185.939      0.0986558
             74       -184.918       -185.925      0.0982861
             75       -185.745       -185.922      0.0969963
             76       -184.628       -185.905      0.0972161
             77       -185.793       -185.904      0.0959562
             78       -186.131       -185.907      0.0947627
             79       -185.495       -185.902      0.0937004
             80       -185.218       -185.893      0.0929154
             81        -187.07       -185.908      0.0929043
             82       -186.661       -185.917      0.0922232
             83       -186.189        -185.92      0.0911645
             84       -187.185       -185.935      0.0913223
             85       -185.431       -185.929      0.0904359
             86       -185.656       -185.926      0.0894347
             87       -185.626       -185.923      0.0884682
             88        -185.12       -185.913      0.0879319
             89       -184.511       -185.898      0.0883547
             90       -186.705       -185.907      0.0878273
             91       -185.182       -185.899      0.0872207
             92       -185.722       -185.897      0.0862888
             93       -185.247        -185.89      0.0856413
             94       -185.037       -185.881      0.0852096
             95       -185.772        -185.88      0.0843157
             96       -186.479       -185.886      0.0836663
             97       -186.336        -185.89      0.0829291
             98       -184.724       -185.879      0.0829376
             99       -185.065        -185.87      0.0825061
            100       -186.445       -185.876       0.081879
