              1      -0.955688      -0.955688              0
              2      -0.965424      -0.960556       0.004868
              3      -0.964592      -0.961901     0.00311594
              4      -0.965456       -0.96279     0.00237577
              5      -0.968472      -0.963926     0.00216286
              6      -0.964664      -0.964049     0.00177024
              7      -0.975584      -0.965697     0.00222568
              8      -0.969424      -0.966163       0.001983
              9      -0.959192      -0.965388     0.00191269
             10      -0.967144      -0.965564     0.00171974
             11      -0.962608      -0.965295     0.00157861
             12      -0.979112      -0.966447     0.00184455
             13      -0.978808      -0.967398     0.00194502
             14       -0.96844      -0.967472     0.00180227
             15      -0.972384      -0.967799     0.00170948
             16      -0.984288       -0.96883     0.00190238
             17      -0.980208      -0.969499      0.0019082
             18      -0.962624      -0.969117     0.00183917
             19       -0.98044      -0.969713     0.00183892
             20      -0.973136      -0.969884     0.00175292
