              1        0.45988        0.45988              0
              2       -0.21516        0.12236        0.33752
              3       -0.94788      -0.234387       0.406499
              4        -0.9632       -0.41659       0.340322
              5       -0.95764        -0.5248       0.284957
              6       -0.34444       -0.49474         0.2346
              7        0.27504      -0.384771       0.226728
              8        0.80972       -0.23546       0.246674
              9       -0.10896      -0.221404          0.218
             10       -0.87668      -0.286932       0.205701
             11       -0.60024      -0.315415       0.188231
             12        0.23744      -0.269343         0.1779
             13        0.29316      -0.226074       0.169268
             14         0.9202      -0.144197       0.176811
             15        0.73564     -0.0855413       0.174741
             16        0.52168       -0.04759       0.167803
             17        0.75024   -0.000658824       0.164462
             18       -0.52904     -0.0300133       0.157811
             19        -0.7506     -0.0679389       0.154016
             20       -0.77532      -0.103308       0.150333
             21       -0.88608      -0.140583       0.147773
             22       -0.23128      -0.144705       0.140957
             23        0.45988      -0.118419        0.13723
             24        0.94108     -0.0742733       0.138606
             25        0.93208     -0.0340192       0.138906
             26        0.92884     0.00301385         0.1385
             27        0.60232      0.0252104       0.135107
             28        0.68776      0.0488729       0.132326
             29       -0.30676      0.0366097       0.128269
             30       -0.98972     0.00239867       0.128555
             31        -0.8634     -0.0255303       0.127437
             32       -0.98792      -0.055605       0.127003
             33          0.094     -0.0510715       0.123177
             34        -0.5228     -0.0649459       0.120302
             35       -0.84036     -0.0871006       0.118897
             36       -0.97676      -0.111813        0.11816
             37       -0.88824      -0.132798       0.116823
             38        -0.8224      -0.150945       0.115146
             39        -0.4244      -0.157957       0.112373
             40        -0.5346      -0.167373       0.109932
             41       -0.77968      -0.182307       0.108252
             42       -0.65424      -0.193544       0.106239
             43       -0.18204      -0.193276        0.10374
             44        -0.9606      -0.210715       0.102844
             45       -0.97508      -0.227701       0.101957
             46        -0.9428      -0.243247       0.100921
             47       -0.95024      -0.258289      0.0998892
             48        -0.8074      -0.269729      0.0984529
             49       -0.80756      -0.280705      0.0970455
             50        0.53468      -0.264398      0.0964731
             51        0.97064      -0.240181      0.0976141
             52        0.83068      -0.219588      0.0979087
             53        0.18992      -0.211861      0.0963539
             54       -0.79596      -0.222678      0.0951694
             55       -0.93324      -0.235597      0.0943121
             56       -0.49084      -0.240155      0.0927248
             57        -0.5676        -0.2459      0.0912645
             58       -0.91236       -0.25739      0.0904103
             59        -0.5292      -0.261997      0.0889841
             60       -0.41448      -0.264539      0.0875253
             61       -0.97412      -0.276171       0.086861
             62       -0.98672      -0.287632      0.0862136
             63       -0.97944      -0.298613      0.0855419
             64       -0.91848      -0.308298      0.0847499
             65       -0.82248      -0.316209        0.08381
             66       -0.33792      -0.316538      0.0825311
             67       -0.79216      -0.323636      0.0815993
             68       -0.93948      -0.332693      0.0808989
             69        -0.8718      -0.340506      0.0800998
             70       -0.35088      -0.340654      0.0789474
             71        0.35456      -0.330863       0.078441
             72         0.4636      -0.319828       0.078127
             73         -0.977      -0.328831      0.0775735
             74       -0.95196      -0.337251        0.07698
             75       -0.85596      -0.344167      0.0762609
             76       -0.67124      -0.348471      0.0753737
             77        -0.6754      -0.352717      0.0745095
             78        0.73248      -0.338804      0.0748524
             79        0.97436      -0.322182      0.0757452
             80        0.25888      -0.314918      0.0751442
             81          0.175       -0.30887      0.0744568
             82        0.29372      -0.301521      0.0739094
             83        0.94492      -0.286504      0.0745419
             84        0.63752      -0.275504      0.0744661
             85        -0.4496      -0.277552      0.0736133
             86       -0.04684      -0.274869      0.0728018
             87        0.96368      -0.260633      0.0733548
             88       -0.04184      -0.258147       0.072559
             89        0.18804      -0.253133      0.0719141
             90        0.97756      -0.239459      0.0724134
             91        0.95988       -0.22628      0.0728159
             92        0.77968      -0.215345      0.0728454
             93        0.72152      -0.205271      0.0727586
             94        0.21476      -0.200803       0.072119
             95        -0.9806      -0.209011      0.0718264
             96       -0.82192      -0.215396      0.0713604
             97       -0.17492      -0.214979      0.0706222
             98       -0.67724      -0.219696      0.0700568
             99       -0.98636       -0.22744      0.0697766
            100       -0.70292      -0.232194      0.0692388
