              1       -0.93856       -0.93856              0
              2       -0.94424        -0.9414        0.00284
              3       -0.98664       -0.95648      0.0151689
              4        -0.9888       -0.96456      0.0134288
              5       -0.98752      -0.969152      0.0113704
              6        -0.9468      -0.965427      0.0100035
              7        -0.9252       -0.95968      0.0102226
              8       -0.98448       -0.96278     0.00938012
              9       -0.91776      -0.957778     0.00966728
             10       -0.97448      -0.959448     0.00880651
             11       -0.97896      -0.961222      0.0081609
             12       -0.97408      -0.962293     0.00752651
             13       -0.94184       -0.96072      0.0070999
             14       -0.98352      -0.962349     0.00677197
             15       -0.95048      -0.961557     0.00635382
             16        -0.9548      -0.961135     0.00595844
             17       -0.96928      -0.961614     0.00561745
             18        -0.9448       -0.96068     0.00537793
             19       -0.97072      -0.961208     0.00511439
             20       -0.97208      -0.961752     0.00488229
             21       -0.98104       -0.96267     0.00473394
             22       -0.93888      -0.961589     0.00464137
             23       -0.95416      -0.961266     0.00444672
             24        -0.9808       -0.96208     0.00433452
             25       -0.98096      -0.962835     0.00422556
             26       -0.97744      -0.963397     0.00409846
             27       -0.94504      -0.962717     0.00400192
             28       -0.95912      -0.962589     0.00385849
             29       -0.95416      -0.962298     0.00373438
             30       -0.99408      -0.963357     0.00376009
             31       -0.96912      -0.963543     0.00364152
             32       -0.99272      -0.964455     0.00364187
             33       -0.93656       -0.96361     0.00362959
             34       -0.94152       -0.96296     0.00358065
             35        -0.9812      -0.963481     0.00351568
             36       -0.98976      -0.964211     0.00349374
             37       -0.98048      -0.964651     0.00342633
             38       -0.96408      -0.964636     0.00333498
             39       -0.94504      -0.964133     0.00328698
             40       -0.94272      -0.963598     0.00324817
             41       -0.96808      -0.963707     0.00316984
             42       -0.94328      -0.963221     0.00313144
             43       -0.93192      -0.962493      0.0031432
             44       -0.99064      -0.963133     0.00313686
             45       -0.99312      -0.963799     0.00313793
             46       -0.98624      -0.964287     0.00310749
             47       -0.98448      -0.964717     0.00307086
             48       -0.97808      -0.964995     0.00301907
             49        -0.9588      -0.964869     0.00295951
             50       -0.95912      -0.964754       0.002902
             51        -0.9892      -0.965233     0.00288463
             52        -0.9728      -0.965378     0.00283235
             53       -0.96608      -0.965392     0.00277843
             54       -0.96632      -0.965409     0.00272655
             55       -0.98344      -0.965737     0.00269652
             56       -0.95152      -0.965483     0.00266007
             57        -0.9504      -0.965218     0.00262635
             58       -0.97944      -0.965463     0.00259229
             59        -0.9352      -0.964951     0.00259909
             60       -0.95192      -0.964733     0.00256462
             61       -0.99096      -0.965163     0.00255861
             62       -0.99288       -0.96561      0.0025564
             63         -0.992      -0.966029     0.00255013
             64        -0.9796      -0.966241     0.00251891
             65       -0.97136       -0.96632      0.0024811
             66       -0.93344      -0.965822     0.00249349
             67       -0.97632      -0.965979     0.00246099
             68       -0.98904      -0.966318     0.00244813
             69       -0.98176      -0.966541     0.00242275
             70       -0.93584      -0.966103     0.00242783
             71       -0.95464      -0.965941     0.00239883
             72       -0.97472      -0.966063     0.00236842
             73        -0.9904      -0.966397     0.00235942
             74        -0.9856      -0.966656     0.00234174
             75       -0.97592       -0.96678     0.00231361
             76       -0.95392      -0.966611     0.00228923
             77       -0.96032      -0.966529     0.00226078
             78       -0.96544      -0.966515     0.00223165
             79       -0.99256      -0.966845     0.00222775
             80       -0.91968      -0.966255     0.00227736
             81       -0.94864      -0.966038     0.00225956
             82       -0.94664      -0.965801     0.00224433
             83       -0.98656      -0.966051     0.00223119
             84       -0.94208      -0.965766     0.00222286
             85       -0.95472      -0.965636      0.0022004
             86       -0.97592      -0.965755     0.00217795
             87       -0.98464      -0.965972     0.00216368
             88       -0.95072      -0.965799     0.00214596
             89       -0.94496      -0.965565      0.0021346
             90        -0.9908      -0.965845     0.00212929
             91       -0.98464      -0.966052     0.00211586
             92       -0.96104      -0.965997     0.00209345
             93       -0.96192      -0.965954     0.00207128
             94       -0.93712      -0.965647     0.00207196
             95       -0.98736      -0.965875     0.00206273
             96        -0.9724      -0.965943     0.00204226
             97       -0.95832      -0.965865     0.00202263
             98       -0.95784      -0.965783     0.00200356
             99       -0.99208      -0.966048     0.00200092
            100       -0.96144      -0.966002     0.00198135
