              1      0.0249211      0.0249211              0
              2       0.427598       0.226259       0.201338
              3       0.111847       0.188122       0.122339
              4       0.462591       0.256739       0.110416
              5       0.202802       0.245952      0.0862057
              6       0.446323       0.279347      0.0779071
              7       0.103008       0.254156       0.070498
              8       0.433643       0.276592       0.065045
              9       0.391216       0.289328      0.0587611
             10       0.136417       0.274037      0.0547367
             11      0.0523079       0.253879      0.0534572
             12       0.163416       0.246341      0.0493784
             13      0.0484921       0.231122      0.0479034
             14       0.169681       0.226733      0.0445665
             15       0.177819       0.223472      0.0416171
             16      0.0535794       0.212854      0.0403514
             17         0.2364       0.214239      0.0379289
             18       0.293913       0.218665      0.0360326
             19       0.200307       0.217699      0.0340971
             20       0.187197       0.216174      0.0323833
             21        0.10364       0.210815      0.0312653
             22       0.180321       0.209429      0.0298425
             23       0.119415       0.205515      0.0287828
             24       0.228947       0.206492      0.0275747
             25       0.307453        0.21053      0.0267553
             26      0.0484921       0.204298      0.0264504
             27      0.0127898       0.197205      0.0264217
             28       0.133271       0.194922      0.0255628
             29       0.423363       0.202799      0.0258929
             30        0.17907       0.202008      0.0250274
             31       0.333235       0.206241       0.024574
             32       0.175942       0.205294      0.0238125
             33       0.126346       0.202902      0.0232033
             34       0.338747       0.206897      0.0228623
             35       0.434248       0.213393      0.0231303
             36       0.251284       0.214446      0.0225032
             37      0.0865665       0.210989      0.0221578
             38       0.214018       0.211069       0.021567
             39       0.121306       0.208767      0.0211324
             40       0.228947       0.209272      0.0206035
             41       0.160908       0.208092      0.0201293
             42       0.498611       0.215009      0.0208264
             43      0.0210921         0.2105      0.0208304
             44      0.0827674       0.207597      0.0205574
             45      0.0783327       0.204724      0.0202997
             46       0.202802       0.204682      0.0198535
             47       0.423363       0.209335      0.0199759
             48         0.2859        0.21093      0.0196203
             49       0.388176       0.214548      0.0195532
             50       0.129495       0.212846      0.0192335
             51       0.108691       0.210804      0.0189629
             52       0.483025       0.216039      0.0193175
             53       0.413673       0.219768      0.0193129
             54       0.230189       0.219961      0.0189529
             55       0.103008       0.217835      0.0187262
             56       0.304378        0.21938      0.0184536
             57       0.167802       0.218475      0.0181496
             58       0.318514         0.2202      0.0179171
             59       0.258097       0.220842      0.0176225
             60       0.269849       0.221659      0.0173456
             61       0.175316       0.220899      0.0170757
             62       0.476421       0.225021      0.0172963
             63       0.254382       0.225487      0.0170259
             64       0.468607       0.229286      0.0171829
             65       0.165296       0.228301      0.0169451
             66       0.317285       0.229649      0.0167408
             67      0.0770652       0.227372      0.0166455
             68       0.117524       0.225757      0.0164783
             69       0.214018       0.225586      0.0162386
             70       0.132012        0.22425      0.0160607
             71       0.285283       0.225109      0.0158562
             72       0.311757       0.226313      0.0156807
             73       0.184697       0.225743      0.0154749
             74       0.226461       0.225752      0.0152643
             75       0.186572        0.22523      0.0150685
             76       0.211527        0.22505        0.01487
             77       0.100481       0.223432      0.0147645
             78       0.233916       0.223566      0.0145746
             79       0.184072       0.223066      0.0143976
             80       0.019177       0.220518      0.0144431
             81      0.0909965       0.218919      0.0143531
             82       0.326491       0.220231      0.0142375
             83      0.0662831       0.218376      0.0141867
             84       0.487224       0.221576      0.0143776
             85       0.120046       0.220382      0.0142575
             86       0.186572       0.219989      0.0140962
             87        0.17156       0.219432      0.0139444
             88      0.0510362       0.217519      0.0139172
             89       0.099849       0.216196      0.0138233
             90       0.108691       0.215002       0.013721
             91       0.164669       0.214449      0.0135806
             92       0.344256        0.21586      0.0135061
             93       0.374175       0.217562      0.0134681
             94      0.0592986       0.215878        0.01343
             95       0.160281       0.215293      0.0133008
             96       0.383309       0.217043      0.0132773
             97       0.154636         0.2164      0.0131555
             98       0.116263       0.215378      0.0130606
             99        0.25562       0.215785      0.0129344
            100       0.380265       0.217429      0.0129096
