              1       -0.99688       -0.99688              0
              2       -0.94504       -0.97096        0.02592
              3       -0.98592      -0.975947      0.0157739
              4        -0.9404       -0.96706      0.0142612
              5       -0.97432      -0.968512      0.0111417
              6       -0.94256      -0.964187       0.010073
              7       -0.98704      -0.967451     0.00911782
              8       -0.94424       -0.96455     0.00841245
              9       -0.94984      -0.962916     0.00759698
             10        -0.9828      -0.964904     0.00707992
             11       -0.99344      -0.967498     0.00690951
             12       -0.97936      -0.968487     0.00638448
             13       -0.99392      -0.970443     0.00619016
             14       -0.97856      -0.971023     0.00576023
             15       -0.97752      -0.971456     0.00537994
             16       -0.99328       -0.97282     0.00521405
             17          -0.97      -0.972654     0.00490056
             18       -0.96256      -0.972093      0.0046542
             19       -0.97464      -0.972227     0.00440447
             20       -0.97632      -0.972432     0.00418345
             21       -0.98696      -0.973124     0.00403895
             22        -0.9772      -0.973309     0.00385544
             23       -0.98496      -0.973816     0.00371866
             24       -0.97096      -0.973697     0.00356234
             25        -0.9608      -0.973181      0.0034556
             26       -0.99392      -0.973978     0.00341451
             27        -0.9984      -0.974883     0.00340784
             28        -0.9832       -0.97518     0.00329728
             29        -0.9456       -0.97416     0.00334106
             30       -0.97736      -0.974267     0.00322953
             31       -0.95744      -0.973724     0.00317043
             32       -0.97776       -0.97385     0.00307234
             33       -0.98408       -0.97416     0.00299388
             34       -0.95672      -0.973647     0.00294943
             35       -0.94416      -0.972805     0.00298527
             36       -0.96808      -0.972673     0.00290413
             37       -0.98912      -0.973118     0.00285931
             38       -0.97288      -0.973112     0.00278306
             39       -0.98472      -0.973409     0.00272705
             40       -0.97096      -0.973348     0.00265871
             41       -0.97968      -0.973502     0.00259764
             42        -0.9356        -0.9726     0.00269088
             43       -0.99736      -0.973176     0.00268991
             44        -0.9896      -0.973549     0.00265444
             45       -0.99016      -0.973918     0.00262091
             46       -0.97432      -0.973927     0.00256331
             47        -0.9456      -0.973324     0.00257958
             48        -0.9636      -0.973122     0.00253338
             49       -0.95024      -0.972655      0.0025247
             50       -0.98368      -0.972875      0.0024835
             51       -0.98632      -0.973139     0.00244855
             52       -0.93768      -0.972457     0.00249595
             53       -0.94688      -0.971974     0.00249551
             54        -0.9708      -0.971953     0.00244896
             55       -0.98704      -0.972227     0.00241962
             56        -0.9612       -0.97203     0.00238417
             57        -0.9788      -0.972149     0.00234498
             58       -0.95936      -0.971928     0.00231472
             59        -0.9672      -0.971848     0.00227656
             60       -0.96568      -0.971745     0.00224065
             61       -0.97784      -0.971845     0.00220588
             62       -0.93856      -0.971308     0.00223543
             63       -0.96768      -0.971251     0.00220041
             64        -0.9396      -0.970756     0.00222151
             65       -0.97912      -0.970885     0.00219084
             66       -0.95952      -0.970713     0.00216426
             67       -0.99032      -0.971005      0.0021517
             68        -0.9852      -0.971214     0.00213008
             69       -0.97288      -0.971238     0.00209912
             70       -0.98336      -0.971411     0.00207615
             71       -0.96368      -0.971303     0.00204959
             72       -0.96024      -0.971149     0.00202676
             73       -0.97664      -0.971224     0.00200022
             74       -0.97128      -0.971225       0.001973
             75        -0.9764      -0.971294     0.00194774
             76        -0.9732      -0.971319      0.0019221
             77       -0.98736      -0.971527     0.00190838
             78       -0.97032      -0.971512     0.00188382
             79       -0.97672      -0.971578     0.00186099
             80        -0.9976      -0.971903     0.00186615
             81       -0.98856      -0.972109      0.0018544
             82       -0.95832       -0.97194     0.00183935
             83       -0.99168      -0.972178     0.00183255
             84       -0.93712      -0.971761     0.00185808
             85       -0.98488      -0.971915     0.00184257
             86        -0.9764      -0.971967     0.00182177
             87       -0.97832       -0.97204     0.00180218
             88        -0.9936      -0.972285     0.00179835
             89       -0.98744      -0.972456     0.00178617
             90       -0.98632       -0.97261     0.00177291
             91        -0.9792      -0.972682     0.00175482
             92         -0.956      -0.972501     0.00174509
             93       -0.95208      -0.972281     0.00174013
             94       -0.99256      -0.972497     0.00173498
             95       -0.97976      -0.972573     0.00171832
             96       -0.95088      -0.972348     0.00171528
             97       -0.98048      -0.972431     0.00169957
             98       -0.98536      -0.972563     0.00168731
             99       -0.96752      -0.972512     0.00167095
            100       -0.95128        -0.9723     0.00166773
