              1       0.476421       0.476421              0
              2       0.433643       0.455032      0.0213886
              3       0.106166       0.338743       0.116942
              4      0.0890982       0.276332         0.1036
              5       0.099217       0.240909      0.0877186
              6       0.414279       0.269804       0.077231
              7        0.57602       0.313549      0.0785753
              8       0.123197       0.289755      0.0720883
              9       0.630866       0.327656      0.0740162
             10       0.201555       0.315046      0.0673924
             11       0.166549       0.301546      0.0624356
             12       0.204673       0.293474      0.0575645
             13        0.45175       0.305649      0.0543333
             14       0.130754       0.293156      0.0518309
             15       0.386351       0.299369      0.0486503
             16       0.353428       0.302748      0.0456334
             17       0.241985       0.299174      0.0430139
             18       0.429412       0.306409      0.0411943
             19       0.230811        0.30243      0.0391685
             20       0.220242       0.298321      0.0373851
             21       0.150242       0.291269      0.0362527
             22       0.474017       0.299576      0.0355497
             23       0.358315        0.30213      0.0340648
             24       0.152125        0.29588       0.033208
             25        0.15087       0.290079      0.0323759
             26       0.178444       0.285786      0.0314007
             27       0.427598       0.291038      0.0306684
             28       0.320355       0.292085      0.0295713
             29       0.358315       0.294369      0.0286247
             30      0.0472198       0.286131      0.0288551
             31       0.243226       0.284747      0.0279431
             32       0.058028       0.277662       0.027968
             33       0.491421       0.284139      0.0278705
             34        0.45416        0.28914      0.0274969
             35       0.148986       0.285135      0.0269983
             36      0.0815006       0.279479      0.0268404
             37       0.154636       0.276105      0.0263221
             38       0.282199       0.276265      0.0256206
             39       0.427598       0.280145      0.0252549
             40       0.445116        0.28427      0.0249585
             41       0.251284       0.283465      0.0243554
             42       0.440891       0.287213      0.0240622
             43         0.5261       0.292769      0.0241438
             44      0.0745296       0.287809      0.0241045
             45      0.0548507       0.282632      0.0241248
             46       0.109323       0.278864      0.0238934
             47       0.123197       0.275552       0.023613
             48       0.173438       0.273425      0.0232135
             49        0.32281       0.274433      0.0227571
             50       0.320355       0.275351      0.0223162
             51      0.0859334       0.271637      0.0221874
             52       0.214641       0.270541      0.0217841
             53       0.266758        0.27047      0.0213692
             54       0.264903       0.270367        0.02097
             55       0.131383        0.26784      0.0207397
             56       0.378439       0.269815      0.0204616
             57       0.386959        0.27187      0.0202042
             58       0.162789       0.269989      0.0199417
             59       0.501604       0.273915        0.01999
             60       0.375393       0.275606      0.0197267
             61      0.0719931       0.272268      0.0196856
             62      0.0567572       0.268792       0.019675
             63       0.063744       0.265538      0.0196319
             64       0.161535       0.263912      0.0193909
             65       0.225839       0.263327      0.0190992
             66       0.514759       0.267136      0.0191896
             67       0.187197       0.265943      0.0189386
             68      0.0871995       0.263315      0.0188423
             69       0.144589       0.261594      0.0186467
             70       0.496814       0.264954      0.0186831
             71        0.35465       0.266218      0.0184613
             72       0.199684       0.265293      0.0182266
             73      0.0764314       0.262706      0.0181604
             74       0.114371       0.260702      0.0180251
             75       0.190321       0.259763      0.0178079
             76       0.360147       0.261084      0.0176216
             77       0.311142       0.261734      0.0174034
             78       0.271702       0.261862      0.0171793
             79      0.0592986       0.259298      0.0171532
             80       0.616755       0.263766      0.0175168
             81       0.400329       0.265452      0.0173812
             82       0.415491       0.267282      0.0172652
             83       0.106797       0.265348      0.0171651
             84       0.449941       0.267546      0.0171013
             85       0.354039       0.268563      0.0169295
             86       0.190321       0.267654      0.0167562
             87       0.121936       0.265979       0.016647
             88       0.384526       0.267326      0.0165118
             89       0.428202       0.269133       0.016425
             90      0.0732614       0.266957      0.0163866
             91       0.121936       0.265363      0.0162837
             92       0.305608       0.265801      0.0161117
             93        0.29884       0.266156      0.0159415
             94       0.487224       0.268508      0.0159453
             95       0.100481       0.266739      0.0158754
             96       0.217753       0.266229      0.0157175
             97       0.326491        0.26685       0.015567
             98        0.33017       0.267496      0.0154209
             99      0.0631091       0.265432      0.0154033
            100       0.302533       0.265803       0.015253
