0
0.0580413
0.0336249
0.0238467
0.0241043
0.0214384
0.0183321
0.0160226
0.0144488
0.0129234
0.0128593
0.0122115
0.0112415
0.0108803
0.0107693
0.0107817
0.0101978
0.0116224
0.0109942
0.0107381
0.0104144
0.0100161
0.00957274
0.00940454
0.00905044
0.0088262
0.00851237
0.00821723
0.00807146
0.00817162
0.00792171
0.007999
0.00779082
0.0075616
0.00736646
0.007211
0.00728002
0.00713739
0.00695223
0.00677704
0.00661015
0.00649715
0.00657599
0.00643821
0.00640599
0.00626741
0.00616946
0.00625152
0.00613207
0.00607849
0.00597405
0.00586555
0.00587652
0.00576668
0.00566694
0.00566739
0.00556968
0.00550962
0.00542175
0.00533235
0.00535134
0.00531766
0.00525114
0.00517082
0.00527154
0.00522355
0.00515482
0.00509623
0.00502332
0.00498376
0.00506423
0.00499355
0.00496624
0.00490726
0.00489521
0.00486154
0.00479825
0.00477023
0.00473156
0.00475324
0.00472281
0.00474989
0.00473106
0.0046745
0.00462803
0.0045767
0.00462572
0.00457419
0.00452253
0.0044828
0.00445233
0.00440541
0.00436251
0.00432149
0.00427676
0.0042658
0.00434573
0.00432029
0.00428258
0.00432168
