0
0.00245466
0.0143707
0.0227007
0.0245535
0.0364304
0.030791
0.027343
0.0241148
0.0219421
0.0205803
0.0188583
0.0249061
0.023189
0.0238804
0.022353
0.0212001
0.0200018
0.0197651
0.0188484
0.0179337
0.0171007
0.0167786
0.0174389
0.0167338
0.0161477
0.0159141
0.0158194
0.0152733
0.0147567
0.0155981
0.0152155
0.0149822
0.0150544
0.0148047
0.0149076
0.0145005
0.0142123
0.0139913
0.0139495
0.0139295
0.0136454
0.0133722
0.0131081
0.0128568
0.0125749
0.0123288
0.0120935
0.0119258
0.0119387
0.0117379
0.011526
0.0115633
0.0114054
0.0112181
0.0110334
0.0111969
0.0111515
0.0110085
0.0108273
0.011026
0.0109684
0.0108726
0.0111397
0.0110703
0.0114197
0.011556
0.0113968
0.0122535
0.0121158
0.0124722
0.0123352
0.0121706
0.0120868
0.0119292
0.0121178
0.0120713
0.0120164
0.011875
0.0118552
0.0117087
0.0116045
0.0115976
0.0114757
0.0115256
0.0116402
0.011524
0.0113978
0.0112711
0.0111884
0.01113
0.0110413
0.0110427
0.0109268
0.0109302
0.010831
0.0109249
0.0108917
0.010889
0.0107879
