4.97341
4.97586
4.99016
4.96986
4.95273
4.98314
4.98282
4.98887
4.98871
4.98468
4.97923
4.98087
4.963
4.96545
4.97566
4.97648
4.97355
4.9743
4.98002
4.98193
4.9815
4.98173
4.97792
4.9847
4.98422
4.98271
4.97928
4.97539
4.97592
4.97611
4.96982
4.97167
4.97431
4.97823
4.98057
4.97667
4.97687
4.97854
4.97651
4.97945
4.97646
4.97527
4.9764
4.97747
4.97852
4.97865
4.97943
4.98019
4.98159
4.97914
4.98005
4.97944
4.97702
4.97817
4.97887
4.97949
4.97668
4.9785
4.97952
4.97982
4.98268
4.98431
4.98299
4.98609
4.98458
4.98798
4.99063
4.99011
4.9852
4.98424
4.98783
4.98687
4.9865
4.98791
4.98757
4.99045
4.99209
4.99364
4.99312
4.99137
4.99123
4.99219
4.99043
4.99106
4.99312
4.99072
4.99007
4.98971
4.9895
4.99048
4.98928
4.98843
4.99006
4.99027
4.99188
4.99246
4.99457
4.99588
4.99435
4.99393
