1.49357
1.55161
1.55438
1.55621
1.54073
1.53223
1.53501
1.53285
1.52984
1.52986
1.52451
1.52787
1.52831
1.52514
1.5288
1.52495
1.52615
1.51962
1.5195
1.51695
1.51898
1.5203
1.52049
1.51839
1.51765
1.51614
1.51556
1.51605
1.51454
1.5121
1.51156
1.50929
1.50852
1.50875
1.50816
1.50729
1.50534
1.50619
1.50613
1.50624
1.50632
1.50709
1.50536
1.50495
1.50614
1.50598
1.50665
1.50826
1.50792
1.50885
1.50841
1.50811
1.50692
1.50693
1.50719
1.50826
1.50809
1.50746
1.5072
1.50706
1.50599
1.50675
1.5063
1.50646
1.50509
1.50451
1.50419
1.50462
1.5045
1.50393
1.5027
1.50266
1.5033
1.50359
1.50431
1.50486
1.50481
1.50538
1.50492
1.5058
1.50528
1.50439
1.50378
1.50375
1.50404
1.50388
1.50291
1.5028
1.50278
1.5031
1.50351
1.50338
1.50318
1.5034
1.50349
1.50403
1.50506
1.50547
1.5057
1.50486
