0
0.119525
0.0690409
0.0501023
0.0423119
0.0347804
0.0411376
0.0441189
0.0423085
0.0392395
0.0362508
0.0334709
0.0341279
0.0344782
0.0321747
0.0318988
0.0301665
0.0284446
0.0269813
0.0257309
0.0263757
0.0253838
0.0245054
0.0239374
0.0237676
0.023145
0.0225617
0.0218871
0.0215212
0.0208641
0.0202937
0.0199284
0.0193252
0.0189196
0.0184109
0.0178941
0.0174667
0.0170124
0.016581
0.0161646
0.016195
0.0158048
0.0158795
0.0155874
0.0159062
0.0157514
0.0164139
0.0162506
0.0159782
0.015824
0.0159276
0.0160713
0.0158642
0.0156123
0.0153455
0.0150753
0.0149116
0.014711
0.0145105
0.0143808
0.0141497
0.0139213
0.0137462
0.01354
0.0133313
0.0133712
0.013175
0.0131853
0.0130414
0.0128961
0.0127131
0.0125617
0.0124195
0.012251
0.0120879
0.0119311
0.0118426
0.0116906
0.0116891
0.0115422
0.0114006
0.0112764
0.011144
0.0110354
0.0109916
0.0108824
0.0107679
0.0106926
0.010616
0.0105131
0.0106683
0.0106388
0.0105585
0.0104837
0.0105491
0.0104695
0.0103653
0.0102643
0.0101601
0.0100692
