1.46857
1.47038
1.50499
1.49272
1.49967
1.49483
1.49383
1.49887
1.49595
1.49369
1.49797
1.5037
1.50249
1.50167
1.49809
1.49886
1.50255
1.5031
1.49853
1.49895
1.49686
1.49632
1.49705
1.49395
1.49247
1.49169
1.49319
1.49445
1.49605
1.49518
1.49494
1.49506
1.49582
1.49634
1.49627
1.49486
1.49391
1.49226
1.4932
1.49333
1.49258
1.49248
1.49232
1.49112
1.49217
1.49272
1.49242
1.49161
1.49181
1.49171
1.49025
1.49097
1.49323
1.4928
1.49253
1.49372
1.49399
1.49387
1.49499
1.49455
1.49344
1.49316
1.49315
1.49266
1.49322
1.49319
1.4929
1.49391
1.49348
1.4941
1.4941
1.49328
1.49453
1.49468
1.49502
1.49395
1.49459
1.49609
1.49703
1.49678
1.49564
1.49577
1.49556
1.49538
1.49508
1.49471
1.49506
1.49405
1.49349
1.49282
1.49236
1.49242
1.4926
1.4922
1.49237
1.49252
1.49277
1.49296
1.49323
1.49367
