5.07924
4.95972
4.96186
4.97313
4.98998
4.98596
4.95718
4.93116
4.94778
4.95816
4.96553
4.97055
4.95582
4.94202
4.94425
4.95482
4.95831
4.95788
4.95989
4.95727
4.9671
4.97055
4.97404
4.97879
4.98493
4.98116
4.98477
4.98729
4.99143
4.98969
4.99184
4.98852
4.98914
4.99168
4.99047
4.99074
4.99222
4.99285
4.99226
4.99259
4.99629
4.99635
4.99261
4.9911
4.99567
4.9932
4.99884
4.99641
4.99783
5.00013
4.99651
5.0003
5.00207
5.00325
5.00403
5.00446
5.00621
5.00753
5.00631
5.00812
5.00769
5.00747
5.00633
5.0058
5.00597
5.00343
5.00379
5.00611
5.00724
5.00619
5.00619
5.00538
5.00626
5.00637
5.00619
5.00591
5.00464
5.00451
5.00636
5.00629
5.00609
5.00668
5.00699
5.00773
5.00636
5.00571
5.00521
5.00622
5.00526
5.00468
5.00229
5.00093
5.00008
4.99918
4.99726
4.99646
4.99675
4.99642
4.99645
4.99693
