0
0.321776
0.229225
0.162482
0.290475
0.248613
0.228007
0.241352
0.218556
0.197732
0.196505
0.180618
0.167805
0.155464
0.160352
0.150099
0.16697
0.16994
0.16084
0.154252
0.146743
0.142152
0.139416
0.133605
0.128173
0.124597
0.122358
0.120512
0.116486
0.112602
0.108947
0.109731
0.108015
0.10525
0.10227
0.103326
0.100683
0.0990511
0.0966046
0.0941816
0.0949668
0.0929986
0.092849
0.0931314
0.0922145
0.0921952
0.0902148
0.0889661
0.0915995
0.0898986
0.0882275
0.0865142
0.084879
0.083617
0.0836063
0.0846991
0.0834006
0.0821561
0.0824154
0.0827997
0.0821874
0.080886
0.0795962
0.0795775
0.0798283
0.0788212
0.0780236
0.0769048
0.0758097
0.0748791
0.0745166
0.0774973
0.0773099
0.0763127
0.0752921
0.074361
0.0733996
0.0726203
0.0717392
0.0709519
0.070136
0.0697128
0.0688869
0.0681512
0.0676613
0.067145
0.0670114
0.0663048
0.0655634
0.0648523
0.0644314
0.0637404
0.0630561
0.062397
0.0618845
0.0619144
0.0628617
0.0622194
0.0616739
0.0615667
