15.7375
15.4157
15.2814
15.2701
15.0083
14.9337
15.0223
15.1611
15.1115
15.0817
15.0003
15.0214
15.045
15.0392
14.9702
14.9757
14.8863
14.9503
14.9448
14.9222
14.9246
14.9498
14.9184
14.9126
14.915
14.934
14.9584
14.9834
14.9902
14.9864
14.9892
15.0195
15.0006
15.0104
15.0066
14.9784
14.9845
14.9989
15.0039
15.0018
14.9777
14.9854
15.0048
15.0258
15.0112
14.992
14.9914
14.9806
14.9524
14.9575
14.9619
14.9619
14.9604
14.9531
14.9689
14.9481
14.9539
14.9481
14.9646
14.9475
14.9364
14.9388
14.938
14.9519
14.9672
14.9615
14.9692
14.9669
14.9689
14.964
14.9742
14.9988
15.0105
15.0134
15.0141
15.011
15.0097
15.0147
15.0122
15.0162
15.0192
15.0114
15.0098
15.0063
14.9998
14.9937
14.9844
14.9816
14.9827
14.981
14.9748
14.9735
14.9743
14.9757
14.98
14.9891
15.0031
15.0026
14.9993
14.9914
