15.4166
15.0853
14.7607
14.9118
15.07
15.1444
15.1033
15.1104
15.0083
14.9578
14.9337
14.9277
14.8672
14.8867
14.9602
15.0859
15.0919
15.0378
15.0108
15.0539
15.049
15.0643
15.0308
15.0679
15.0259
14.9851
15.0252
15.0625
15.0296
15.0208
15.038
15.0569
15.0556
15.0315
15.0207
15.0082
14.9995
15.0014
14.963
14.9886
14.9578
14.9575
14.9443
14.9256
14.9425
14.9405
14.9344
14.9444
14.9647
14.9673
14.9673
14.9517
14.9291
14.9359
14.9418
14.9452
14.9416
14.9403
14.9235
14.925
14.9205
14.9137
14.9265
14.9209
14.9259
14.9218
14.9149
14.916
14.9184
14.9215
14.9223
14.9395
14.942
14.9327
14.9417
14.9646
14.9644
14.9621
14.9487
14.9498
14.947
14.9456
14.9488
14.9457
14.9465
14.9546
14.9546
14.9576
14.9545
14.9455
14.9319
14.9319
14.9256
14.9392
14.9404
14.9308
14.9332
14.9202
14.9267
14.9138
