0
0.331264
0.37679
0.306315
0.285171
0.244432
0.210635
0.182553
0.19064
0.17781
0.162636
0.148587
0.149475
0.13975
0.149449
0.18801
0.176705
0.175168
0.167876
0.16499
0.157012
0.150482
0.147637
0.146137
0.14633
0.146386
0.14645
0.145973
0.14464
0.140011
0.136507
0.133513
0.129411
0.127836
0.124599
0.121736
0.118717
0.115568
0.118945
0.118725
0.119829
0.116941
0.114951
0.113848
0.112562
0.110107
0.10791
0.106113
0.105874
0.103769
0.101714
0.100939
0.101568
0.0999025
0.0982434
0.0965331
0.0948906
0.0932498
0.0931833
0.0916292
0.0902235
0.0890236
0.0885394
0.0873258
0.0861152
0.0848993
0.0839032
0.0826668
0.081495
0.0803841
0.0792482
0.0799987
0.078936
0.0784194
0.0778943
0.0802006
0.0791525
0.0781641
0.0783318
0.0773538
0.0764422
0.0755167
0.0746699
0.0738407
0.0729713
0.0725618
0.071723
0.0709643
0.0702294
0.0700326
0.0705658
0.0697946
0.0693316
0.0699387
0.0692088
0.0691597
0.0684838
0.0690145
0.0686252
0.0691452
