0
0.0345539
0.0591518
0.0826997
0.0662204
0.0824951
0.0725263
0.0646141
0.0639606
0.0572084
0.054407
0.058039
0.0536914
0.0542064
0.0509741
0.0517574
0.050881
0.0494824
0.0478291
0.0473384
0.0505935
0.0496008
0.0477479
0.0502153
0.04947
0.0492543
0.0478771
0.0472245
0.0490304
0.0479027
0.0463395
0.0449457
0.0447501
0.0438823
0.0428498
0.0417296
0.0409226
0.0405717
0.0429191
0.0438023
0.0438644
0.0429625
0.041991
0.0421277
0.0412019
0.0402974
0.0396055
0.0390522
0.038464
0.0377056
0.0370613
0.0363991
0.0357061
0.0351523
0.0346124
0.0342452
0.0336483
0.0330811
0.0332442
0.0328764
0.0325522
0.032852
0.0336321
0.0336328
0.0332369
0.0329052
0.0324865
0.0320072
0.0317515
0.0319669
0.0315795
0.0314112
0.0310424
0.0316469
0.0313112
0.0308965
0.0305511
0.0303732
0.0302928
0.0305669
0.0301912
0.0302095
0.0298496
0.0294925
0.0295769
0.0295386
0.0292777
0.029556
0.0292424
0.0297267
0.0300703
0.0302368
0.0299099
0.0296806
0.0293682
0.029407
0.0294888
0.029188
0.0289805
0.0297696
