5.41355
5.379
5.43468
5.36334
5.38012
5.31782
5.33779
5.32263
5.35168
5.35149
5.3683
5.39833
5.40402
5.38241
5.37521
5.35508
5.37008
5.38222
5.39206
5.37857
5.40164
5.39009
5.39589
5.37511
5.3864
5.39932
5.39254
5.38246
5.40056
5.39342
5.39257
5.38993
5.40017
5.39377
5.3983
5.39561
5.40084
5.40856
5.42531
5.41232
5.42227
5.41862
5.42044
5.43001
5.43133
5.43102
5.43473
5.43006
5.42598
5.42717
5.42441
5.42237
5.42252
5.42535
5.42265
5.42684
5.42605
5.42714
5.43407
5.43053
5.42676
5.43409
5.42481
5.43076
5.42787
5.43127
5.43349
5.43313
5.42947
5.42295
5.4209
5.42504
5.42704
5.43504
5.43267
5.43267
5.43456
5.43818
5.44247
5.44877
5.44926
5.44443
5.44382
5.44367
5.43862
5.43437
5.4322
5.43819
5.43928
5.44618
5.4525
5.44705
5.44707
5.44476
5.44444
5.44894
5.44418
5.44388
5.44161
5.44955
