0
0.0270449
0.0274865
0.1191
0.0928047
0.0796825
0.0686204
0.0595275
0.0571184
0.06278
0.0691202
0.102408
0.106265
0.101636
0.0993924
0.0929922
0.0944166
0.0890402
0.0844405
0.0815957
0.0776293
0.0748012
0.0726514
0.0706193
0.0682075
0.0655388
0.0632423
0.0620457
0.0598695
0.0578433
0.056731
0.0549427
0.0533053
0.0520392
0.0520289
0.0525789
0.0511386
0.0501427
0.0492105
0.0479691
0.0468474
0.046095
0.0450192
0.0442134
0.0435683
0.0447876
0.0444833
0.0439111
0.0433418
0.0424884
0.0423706
0.0415508
0.0407726
0.0401945
0.0395133
0.0392773
0.0386833
0.0383324
0.0382712
0.0376283
0.0372809
0.0370793
0.0365746
0.0361986
0.0357435
0.0353807
0.0348915
0.0343779
0.0342084
0.0337938
0.033325
0.0330747
0.0326349
0.0323903
0.0320432
0.0326444
0.0322186
0.0324943
0.0321444
0.0318669
0.0315416
0.031228
0.0308572
0.0307241
0.0304014
0.0300608
0.0298594
0.0299966
0.0296581
0.0293678
0.0299123
0.0296249
0.0293124
0.0290408
0.0294453
0.0291801
0.0288785
0.0285861
0.0283169
0.0292296
