5.50927
5.48222
5.4596
5.5771
5.56701
5.54237
5.52919
5.53265
5.51015
5.54663
5.58604
5.50538
5.45621
5.43069
5.46113
5.46301
5.49885
5.50089
5.50694
5.49142
5.48983
5.47903
5.49205
5.50424
5.49623
5.49527
5.49053
5.47888
5.47845
5.47778
5.48719
5.48839
5.486
5.48019
5.46779
5.48221
5.48199
5.47593
5.4699
5.46923
5.4668
5.46092
5.46182
5.45733
5.46283
5.47662
5.48425
5.4786
5.47322
5.47459
5.46679
5.46729
5.46625
5.47009
5.4722
5.4783
5.4811
5.47614
5.46942
5.46959
5.47411
5.46864
5.4661
5.4623
5.45955
5.46314
5.46141
5.46189
5.45713
5.45484
5.454
5.45023
5.44919
5.44561
5.44324
5.43512
5.43536
5.42869
5.43072
5.43356
5.43567
5.43781
5.4385
5.4423
5.44388
5.44293
5.44588
5.44055
5.44071
5.44227
5.44942
5.45095
5.45028
5.44872
5.44228
5.4407
5.44091
5.44045
5.44154
5.44982
