-0.491338   -0.49192   -0.476251
-0.347002   -0.355978   -0.482688
-0.487801   -0.327571   -0.321813
-0.31866   0.486307   -0.339666
-0.165247   -0.494985   0.464613
0.00138765   -0.329272   0.496072
-0.190467   -0.3203   -0.322858
-0.0269323   -0.487105   -0.34693
0.159752   -0.493746   -0.49264
0.34329   -0.319398   -0.499883
0.161627   -0.335253   -0.329167
0.325438   -0.486514   -0.358701
-0.484622   -0.146251   -0.48906
-0.3301   0.0210517   -0.491043
-0.494671   0.0188913   -0.316285
-0.344509   -0.143222   -0.313376
-0.175903   -0.213016   0.495775
-0.016659   -0.0365572   -0.494298
-0.159024   -0.0251424   -0.346378
-0.0165648   -0.184834   -0.319064
0.167344   -0.162991   0.490351
0.328958   0.0281936   -0.498357
0.143622   -0.0436498   -0.337108
0.356404   -0.16612   -0.342481
-0.497532   0.15834   -0.491556
-0.370878   0.33243   0.484038
0.475769   0.348936   -0.334116
-0.316206   0.171047   -0.353523
-0.145409   0.156152   -0.499539
-0.0200523   0.334483   0.487274
-0.15646   0.320983   -0.337807
0.0139569   0.165359   -0.353133
0.172996   0.176387   0.487208
0.32441   0.347291   0.499545
0.148375   0.341409   -0.357694
0.318141   0.14383   -0.319434
-0.477041   0.49726   -0.148978
-0.325158   -0.305735   -0.165087
-0.493526   -0.316873   0.00651643
-0.338661   -0.498193   0.0311803
-0.177103   0.496204   -0.139347
-0.00106778   -0.33858   -0.164155
-0.17704   -0.307608   0.00613285
0.0256837   0.464036   0.0108617
0.148498   0.482867   -0.175445
0.344079   -0.329889   -0.16093
0.171828   -0.348416   -0.00622519
0.344008   -0.494076   -0.00772344
-0.486915   -0.162143   -0.142584
-0.340639   -0.00500128   -0.155053
0.480872   -0.00126728   0.0167268
-0.330096   -0.139621   0.0116415
-0.159186   -0.144246   -0.15272
0.00561907   -0.00155627   -0.175535
-0.146664   0.0224136   0.00293529
-0.00329927   -0.152905   0.00422293
0.165049   -0.187977   -0.167508
0.335638   -0.00956553   -0.163312
0.177734   -0.0115933   0.0154332
0.334458   -0.175122   0.00140721
-0.471437   0.155486   -0.15488
-0.324474   0.338059   -0.204165
0.488666   0.308186   -0.0128078
-0.330305   0.151709   0.000201856
-0.181105   0.156668   -0.187299
-0.00282385   0.330072   -0.189459
-0.192304   0.34427   0.0220092
-0.00156999   0.178316   -0.0366277
0.169593   0.117072   -0.161157
0.326079   0.360333   -0.177875
0.194242   0.32021   -0.00644168
0.31278   0.144053   0.00371874
0.48928   -0.48523   0.15905
-0.348861   -0.33109   0.185695
-0.488973   -0.339269   0.342724
-0.32405   0.488504   0.335424
-0.170673   -0.463056   0.148987
0.0174089   -0.321982   0.151137
-0.150364   -0.320438   0.318498
0.00945667   -0.480718   0.328438
0.177354   -0.489438   0.179857
0.320827   -0.330652   0.20107
0.164529   -0.338297   0.33161
0.335917   -0.495236   0.348816
-0.495327   -0.175132   0.166901
-0.334269   0.017786   0.173351
-0.493062   0.0185302   0.326693
-0.337499   -0.154521   0.355323
-0.167318   -0.153003   0.155602
0.0166401   -0.0226709   0.161331
-0.170234   -0.0138047   0.342133
0.0113553   -0.170054   0.333572
0.164502   -0.178668   0.152435
0.342869   -0.00616877   0.187593
0.148918   0.0109289   0.332282
0.346004   -0.146714   0.348706
0.494825   0.164434   0.1672
-0.350025   0.330453   0.165019
0.491853   0.31827   0.318843
-0.32996   0.168385   0.333783
-0.148853   0.14995   0.178811
0.0173354   0.299306   0.131399
-0.176956   0.341913   0.29526
0.0140596   0.164646   0.346128
0.156536   0.14909   0.174398
0.323012   0.350513   0.155152
0.170499   0.338896   0.340427
0.3234   0.180429   0.308653
