-1.76285
-1.76285
-1.76088
-1.76164
-1.763
-1.76195
-1.75998
-1.76013
-1.76148
-1.76042
-1.75982
-1.75952
-1.75938
-1.75772
-1.75651
-1.75636
-1.7565
-1.7556
-1.7553
-1.75546
-1.75697
-1.75667
-1.7562
-1.75633
-1.75467
-1.75575
-1.75651
-1.75636
-1.75621
-1.75697
-1.75742
-1.75636
-1.75605
-1.75711
-1.75831
-1.75906
-1.75951
-1.75785
-1.75786
-1.75878
-1.75863
-1.75803
-1.75727
-1.75636
-1.75636
-1.75681
-1.75559
-1.75574
-1.75437
-1.75377
-1.75333
-1.75469
-1.75545
-1.75424
-1.7556
-1.75605
-1.7562
-1.75741
-1.75877
-1.75998
-1.76119
-1.76179
-1.76028
-1.75908
-1.75833
-1.75802
-1.75772
-1.75802
-1.75847
-1.75938
-1.75968
-1.75862
-1.75832
-1.75742
-1.75636
-1.75576
-1.75742
-1.75816
-1.75801
-1.75771
-1.75742
-1.75742
-1.75757
-1.75741
-1.7571
-1.75771
-1.75907
-1.75787
-1.75772
-1.75802
-1.75787
-1.75742
-1.75711
-1.75832
-1.75816
-1.7577
-1.7577
-1.7571
-1.75771
-1.75742
-1.75727
-1.75742
-1.75832
-1.75786
-1.75861
-1.75816
-1.75892
-1.75876
-1.75725
-1.75846
-1.75862
-1.75786
-1.75756
-1.75696
-1.75787
-1.75832
-1.75786
-1.75635
-1.75604
-1.7571
-1.75771
-1.75741
-1.7568
-1.7562
-1.7562
-1.7568
-1.7565
-1.75469
-1.75455
-1.75455
-1.75485
-1.75529
-1.75634
-1.7571
-1.75695
-1.75545
-1.7562
-1.75559
-1.75604
-1.7565
-1.75711
-1.75651
-1.75682
-1.75712
-1.75682
-1.75636
-1.7559
-1.7565
-1.75679
-1.75889
-1.75966
-1.75999
-1.76151
-1.76166
-1.7618
-1.76225
-1.7618
-1.7621
-1.76225
-1.76209
-1.76118
-1.76102
-1.75981
-1.75951
-1.75967
-1.75771
-1.75681
-1.75544
-1.75559
-1.75528
-1.75543
-1.75634
-1.7565
-1.7571
-1.75786
-1.75665
-1.7568
-1.7565
-1.75786
-1.75801
-1.75801
-1.7571
-1.75741
-1.75756
-1.75892
-1.75953
-1.75923
-1.75802
-1.75726
-1.75771
-1.75846
-1.75907
-1.75907
-1.75983
-1.75922
-1.75877
-1.75922
-1.75936
-1.75997
-1.75892
-1.76043
-1.76074
-1.76134
-1.76194
-1.76178
-1.76148
-1.76102
-1.76117
-1.76163
-1.76209
-1.76209
-1.76285
-1.76255
-1.76346
-1.76269
-1.76268
-1.76314
-1.7639
-1.76436
-1.76482
-1.76527
-1.76603
-1.76541
-1.76465
-1.76389
-1.76585
-1.7648
-1.76511
-1.76375
-1.7624
-1.76179
-1.7618
-1.7618
-1.7621
-1.76119
-1.75997
-1.76072
-1.75966
-1.75906
-1.75906
-1.75937
-1.75983
-1.76044
-1.75998
-1.75832
-1.75847
-1.75862
-1.75861
-1.75786
-1.75801
-1.75877
-1.75741
-1.75726
-1.75726
-1.75666
-1.75771
-1.75787
-1.75741
-1.75802
-1.75846
-1.75785
-1.7571
-1.75786
-1.75832
-1.75757
-1.75787
-1.75755
-1.7571
-1.7568
-1.75636
-1.7556
-1.75454
-1.75499
-1.75453
-1.75362
-1.75393
-1.75378
-1.75334
-1.75409
-1.75515
-1.7562
-1.7559
-1.75515
-1.75424
-1.75425
-1.7544
-1.75469
-1.75544
-1.75543
-1.75619
-1.75665
-1.75696
-1.75711
-1.75832
-1.75772
-1.75802
-1.75771
-1.75741
-1.75665
-1.7559
-1.7565
-1.75635
-1.75605
-1.7562
-1.75831
-1.75876
-1.75876
-1.75907
-1.75907
-1.75907
-1.75892
-1.75983
-1.75937
-1.75997
-1.76027
-1.75996
-1.75996
-1.75936
-1.75936
-1.75892
-1.75847
-1.75862
-1.75832
-1.75802
-1.75786
-1.75786
-1.75695
-1.75664
-1.75589
-1.75469
-1.75424
-1.75274
-1.75379
-1.75423
-1.75557
-1.75451
-1.75573
-1.75604
-1.75575
-1.75515
-1.75621
-1.75499
-1.75544
-1.7568
-1.7571
-1.75695
-1.75604
-1.75513
-1.75544
-1.75498
-1.75544
-1.75559
-1.75605
-1.75605
-1.75545
-1.7547
-1.75409
-1.75394
-1.75363
-1.75423
-1.75573
-1.75573
-1.75665
-1.7568
-1.75695
-1.75757
-1.75758
-1.75757
-1.75666
-1.75726
-1.75831
-1.75906
-1.75755
-1.75801
-1.75771
-1.75801
-1.75831
-1.75846
-1.75816
-1.75635
-1.75681
-1.75757
-1.75787
-1.75681
-1.75726
-1.75815
-1.7589
-1.75996
-1.76027
-1.75967
-1.75877
-1.75861
-1.75831
-1.75891
-1.75845
-1.7577
-1.75756
-1.75772
-1.75771
-1.75679
-1.75663
-1.75573
-1.7559
-1.75545
-1.75696
-1.75801
-1.75786
-1.75922
-1.75846
-1.7571
-1.75785
-1.7571
-1.758
-1.7583
-1.75831
-1.75846
-1.75801
-1.7568
-1.75513
-1.75438
-1.75483
-1.75468
-1.75498
-1.75454
-1.75469
-1.75545
-1.75591
-1.7556
-1.75515
-1.75424
-1.75439
-1.75544
-1.75559
-1.75649
-1.75604
-1.75635
-1.75636
-1.75576
-1.75606
-1.75515
-1.7553
-1.75545
-1.75605
-1.75544
-1.75514
-1.75499
-1.75439
-1.75454
-1.75454
-1.75423
-1.75499
-1.7556
-1.7556
-1.75696
-1.75816
-1.75832
-1.75877
-1.75877
-1.75756
-1.75831
-1.7586
-1.75754
-1.75709
-1.75559
-1.75545
-1.7559
-1.75561
-1.75485
-1.75409
-1.75439
-1.75393
-1.75302
-1.75362
-1.75468
-1.75438
-1.75604
-1.75559
-1.75604
-1.75755
-1.7562
-1.75651
-1.7559
-1.75741
-1.75679
-1.7577
-1.75862
-1.75802
-1.75801
-1.75831
-1.75725
-1.75816
-1.7577
-1.75755
-1.75861
-1.75725
-1.75695
-1.75604
-1.75605
-1.75665
-1.7571
-1.75891
-1.75876
-1.75906
-1.75861
-1.75831
-1.75831
-1.75786
-1.75741
-1.75756
-1.75726
-1.75605
-1.7559
-1.75635
-1.75604
-1.75558
-1.75574
-1.75514
-1.75499
-1.75515
-1.75515
-1.7553
-1.75545
-1.75545
-1.75544
-1.75574
-1.75498
-1.75438
-1.75454
-1.7556
-1.75499
-1.7556
-1.7562
-1.75619
-1.7565
-1.75649
-1.75695
-1.75725
-1.75771
-1.75786
-1.75756
-1.75741
-1.75665
-1.75726
-1.7568
-1.7574
-1.75694
-1.75786
-1.75847
-1.75772
-1.75742
-1.75726
-1.75802
-1.75816
-1.75891
-1.75952
-1.76042
-1.76013
-1.75952
-1.75952
-1.75982
-1.75846
-1.75846
-1.75816
-1.75922
-1.75982
-1.75936
-1.75891
-1.7577
-1.75771
-1.75832
-1.75847
-1.75726
-1.7574
-1.75801
-1.75891
-1.75891
-1.75906
-1.75861
-1.75952
-1.75967
-1.75952
-1.75952
-1.76103
-1.76149
-1.76088
-1.76149
-1.76088
-1.75997
-1.75936
-1.75845
-1.7586
-1.75754
-1.7583
-1.75831
-1.75936
-1.75876
-1.75815
-1.75831
-1.75785
-1.75604
-1.75543
-1.75513
-1.75588
-1.75618
-1.75633
-1.7565
-1.7562
-1.75681
-1.75816
-1.75891
-1.75936
-1.75966
-1.76132
-1.76268
-1.76283
-1.76344
-1.76525
-1.76434
-1.76299
-1.76193
-1.76148
-1.76254
-1.76254
-1.76314
-1.76344
-1.76389
-1.76268
-1.76237
-1.76207
-1.76086
-1.76101
-1.76102
-1.76148
-1.76103
-1.76163
-1.76118
-1.76104
-1.76013
-1.76013
-1.75937
-1.75891
-1.75844
-1.75874
-1.75904
-1.75845
-1.75936
-1.75952
-1.75816
-1.75725
-1.7586
-1.75935
-1.75981
-1.75936
-1.75937
-1.75967
-1.75922
-1.75862
-1.75862
-1.75862
-1.75771
-1.75906
-1.7583
-1.75769
-1.75693
-1.75602
-1.75649
-1.75621
-1.75576
-1.75621
-1.75695
-1.75725
-1.75709
-1.75725
-1.7574
-1.75696
-1.75696
-1.7562
-1.75649
-1.75754
-1.75875
-1.75739
-1.7577
-1.75694
-1.75544
-1.75454
-1.75545
-1.75666
-1.7559
-1.7568
-1.75649
-1.75664
-1.75573
-1.75467
-1.75513
-1.75498
-1.75528
-1.75468
-1.75393
-1.75363
-1.75332
-1.75316
-1.75225
-1.75257
-1.75303
-1.75334
-1.75349
-1.75469
-1.75513
-1.75619
-1.75665
-1.7571
-1.75756
-1.75876
-1.75846
-1.75861
-1.75861
-1.75725
-1.75755
-1.75754
-1.75739
-1.75679
-1.7565
-1.7565
-1.75544
-1.75544
-1.75529
-1.75635
-1.75529
-1.75574
-1.75513
-1.75513
-1.75437
-1.75498
-1.75498
-1.75574
-1.75499
-1.7559
-1.75665
-1.75741
-1.75816
-1.75724
-1.75633
-1.75633
-1.75649
-1.7571
-1.75664
-1.7568
-1.75695
-1.7565
-1.7565
-1.75725
-1.7571
-1.75574
-1.75725
-1.75755
-1.7571
-1.75725
-1.7577
-1.75815
-1.75846
-1.75831
-1.75816
-1.75786
-1.75861
-1.75891
-1.75875
-1.7595
-1.76056
-1.76117
-1.76073
-1.76164
-1.76058
-1.76118
-1.76102
-1.75951
-1.75951
-1.75876
-1.75891
-1.75906
-1.76012
-1.75997
-1.76057
-1.76057
-1.75997
-1.76088
-1.76088
-1.76148
-1.76118
-1.76072
-1.76057
-1.75937
-1.75968
-1.75938
-1.75967
-1.75906
-1.75951
-1.75921
-1.75891
-1.75906
-1.75845
-1.75816
-1.75892
-1.75877
-1.75877
-1.75968
-1.75862
-1.75877
-1.75997
-1.75937
-1.75967
-1.75815
-1.75755
-1.75724
-1.75618
-1.75618
-1.75633
-1.75588
-1.75514
-1.75559
-1.75604
-1.75619
-1.75618
-1.75604
-1.75499
-1.75439
-1.75424
-1.75394
-1.75484
-1.75575
-1.75635
-1.75574
-1.75544
-1.75529
-1.75467
-1.75556
-1.75345
-1.75317
-1.75257
-1.75273
-1.75273
-1.75288
-1.75363
-1.75362
-1.75377
-1.75453
-1.75529
-1.75589
-1.75664
-1.75724
-1.75755
-1.75922
-1.75998
-1.75952
-1.75936
-1.75951
-1.76011
-1.75995
-1.76071
-1.76071
-1.75966
-1.75906
-1.75891
-1.75922
-1.75771
-1.7574
-1.7568
-1.75785
-1.75891
-1.75875
-1.75784
-1.75768
-1.75768
-1.75889
-1.75799
-1.75679
-1.7571
-1.7571
-1.75709
-1.75755
-1.75845
-1.758
-1.75846
-1.758
-1.75724
-1.75769
-1.75768
-1.75858
-1.75904
-1.7592
-1.75981
-1.76011
-1.76041
-1.7598
-1.75935
-1.7592
-1.75981
-1.75905
-1.75845
-1.75769
-1.75784
-1.75844
-1.76011
-1.7595
-1.75798
-1.75829
-1.7589
-1.75936
-1.75952
-1.75726
-1.7568
-1.75618
-1.75617
-1.75707
-1.75753
-1.75814
-1.75814
-1.75845
-1.75996
-1.76041
-1.76086
-1.76117
-1.76132
-1.76056
-1.76131
-1.76071
-1.76177
-1.76041
-1.76071
-1.7592
-1.7595
-1.75995
-1.75979
-1.75904
-1.75905
-1.75965
-1.7589
-1.7586
-1.7583
-1.75754
-1.75784
-1.75617
-1.75616
-1.75555
-1.75646
-1.75587
-1.75588
-1.75619
-1.75513
-1.75346
-1.7536
-1.75359
-1.75481
-1.75436
-1.75315
-1.75315
-1.7533
-1.7527
-1.7533
-1.753
-1.75225
-1.7521
-1.75255
-1.75179
-1.7524
-1.75225
-1.7533
-1.75451
-1.75466
-1.75527
-1.75572
-1.75542
-1.75422
-1.75437
-1.75346
-1.75482
-1.75421
-1.75406
-1.7527
-1.7527
-1.75361
-1.75391
-1.7533
-1.75376
-1.75376
-1.75361
-1.75391
-1.75406
-1.75437
-1.75648
-1.75558
-1.75664
-1.75664
-1.75663
-1.75693
-1.75784
-1.75693
-1.75768
-1.75873
-1.75873
-1.75904
