1.99187
1.9969
2.00427
2.0125
2.0205
2.02763
2.03353
2.03809
2.04133
2.04334
2.04421
2.04403
2.04292
2.04101
2.03854
2.03581
2.03317
2.03096
2.02935
2.02832
2.02757
2.02667
2.02511
2.02252
2.01875
2.01403
2.00908
2.005
2.00295
2.00355
2.0066
2.01116
2.01611
2.02056
2.02402
2.02639
2.02773
2.02824
2.0281
2.02748
2.02652
2.02531
2.02394
2.02248
2.02101
2.0196
2.01836
2.01736
2.01666
2.01628
2.01617
2.01625
2.01637
2.0164
2.01619
2.01564
2.0147
2.01341
2.01183
2.01009
2.00835
2.00673
2.00532
2.00417
2.00333
2.00282
2.0027
2.00302
2.00386
2.00521
2.00704
2.00924
2.01161
2.01398
2.01617
2.01808
2.01968
2.02101
2.02218
2.02328
2.02438
2.0255
2.02661
2.02759
2.02835
2.02876
2.02873
2.0282
2.02712
2.02554
2.02351
2.02118
2.01872
2.01635
2.0143
2.01276
2.01179
2.01136
2.01131
2.01139
2.01134
2.01096
2.01019
2.00915
2.00814
2.00759
2.00787
2.00915
2.01131
2.01398
2.01671
2.01911
2.02098
2.0223
2.02326
2.02411
2.02511
2.02645
2.02823
2.03039
2.03279
2.03522
2.03747
2.03932
2.04059
2.04112
2.04079
2.03944
2.03689
2.03293
2.02729
2.01981
2.01058
2.00027
1.99043
1.98328
1.98084
1.98377
1.99101
2.00054
2.01049
2.01962
2.02732
2.0334
2.03791
2.041
2.04291
2.04388
2.04417
2.04401
2.0436
2.04308
2.04254
2.04203
2.04156
2.04116
2.04089
2.04083
2.04114
2.04198
2.04347
2.04563
2.04829
2.05114
2.05375
2.0557
2.0566
2.05619
2.05431
2.05089
2.04599
2.03982
2.03279
2.02552
2.01885
2.01364
2.01056
2.00985
2.01119
2.01385
2.01693
2.01965
2.02142
2.02194
2.02125
2.01968
2.01782
2.01644
2.01632
2.01804
2.02177
2.02723
2.03378
2.04062
2.04701
2.05245
2.05667
2.05961
2.06131
2.06185
2.06127
2.05955
2.05658
2.05224
2.04644
2.03931
2.03133
2.02352
2.01731
2.01411
2.01466
2.01857
2.02462
2.03135
2.03761
2.04268
2.0462
2.04803
2.0481
2.04643
2.04322
2.03896
2.03452
2.03099
2.02932
2.02982
2.03204
2.03503
2.03792
2.04016
2.04164
2.04252
2.04305
2.04346
2.04387
2.04428
2.04464
2.04483
2.04473
2.04429
2.04348
2.04234
2.04091
2.03923
2.03734
2.0353
2.03325
2.03136
2.02988
2.02904
2.02899
2.02977
2.03135
2.03363
2.0365
2.03983
2.04344
2.04711
2.05058
2.05347
2.05533
2.0556
2.05361
2.04863
2.03998
2.02735
2.0113
1.9939
1.97878
1.96995
1.9695
1.97618
1.98652
1.99708
2.00588
2.01238
2.01682
2.01966
2.02151
2.02312
2.0252
2.02806
2.03142
2.03451
2.03656
2.03707
2.03595
2.03345
2.03009
2.02654
2.02348
2.02144
2.02077
2.02148
2.02337
2.02605
2.02906
2.03199
2.0345
2.03636
2.03746
2.0378
2.03743
2.03646
2.03505
2.03332
2.03143
2.02948
2.02757
2.02574
2.02403
2.02241
2.02083
2.01924
2.01756
2.01576
2.01381
2.01178
2.00979
2.00801
2.00667
2.00601
2.00619
2.00729
2.00926
2.01191
2.015
2.01824
2.02138
2.02423
2.02666
2.02864
2.03015
2.03125
2.03197
2.0324
2.03258
2.0326
2.03254
2.03246
2.03247
2.03264
2.03302
2.03364
2.0345
2.03553
2.03669
2.03789
2.0391
2.04028
2.0414
2.04242
2.04326
2.04379
2.0438
2.04301
2.04113
2.03787
2.03303
2.02671
2.01937
2.01192
2.00547
2.00093
1.99858
1.99819
1.99938
2.00196
2.00578
2.01053
2.01557
2.02009
2.02342
2.02512
2.02507
2.02345
2.02067
2.01737
2.01434
2.01229
2.01171
2.0127
2.01499
2.01807
2.02143
2.02466
2.02751
2.02986
2.0317
2.03305
2.03395
2.03445
2.0346
2.0344
2.03389
2.03304
2.03183
2.0302
2.02809
2.0254
2.02207
2.01809
2.01357
2.00882
2.00434
2.00082
1.99885
1.99872
2.00027
2.00295
2.00604
2.00895
2.01131
2.01299
2.01402
2.01449
2.01449
2.01402
2.013
2.01128
2.00873
2.00534
2.00132
1.99707
1.99307
1.98956
1.98615
1.98164
1.97422
1.96208
1.94441
1.92238
1.89958
1.88103
1.8712
1.8722
1.88316
1.90081
1.92115
1.94099
1.95835
1.97235
1.98279
1.98999
1.99456
1.99721
1.99856
1.99909
1.99908
1.99868
1.9979
1.99676
1.99525
1.99339
1.99125
1.98889
1.98646
1.98409
1.98192
1.98009
1.97871
1.97782
1.97744
1.97751
1.97796
1.97867
1.97957
1.98057
1.9816
1.98262
1.98361
1.98454
1.9854
1.98617
1.98683
1.98735
1.98769
1.98781
1.98763
1.98709
1.98612
1.98466
1.9827
1.98027
1.97749
1.97458
1.97185
1.96965
1.96832
1.96808
1.96902
1.97104
1.97398
1.97758
1.98161
1.98583
1.99004
1.99405
1.99771
2.00087
2.00342
2.0053
2.00647
2.00698
2.00691
2.0064
2.00561
2.00464
2.00344
2.00179
1.99927
1.99537
1.98955
1.98159
1.97199
1.96246
1.95589
1.95511
1.96084
1.97106
1.98243
1.9923
1.99934
2.00329
2.00442
2.00318
2.00011
1.99581
1.99099
1.98641
1.98281
1.98075
1.98055
1.98221
1.98546
1.98985
1.99477
1.99958
2.00366
2.00652
2.00778
2.00723
2.00484
2.00078
1.99546
1.98959
1.98408
1.97988
1.97768
1.97769
1.9797
1.98328
1.98793
1.99318
1.99863
2.00389
2.00861
2.01255
2.01557
2.01761
2.01867
2.01878
2.01797
2.01626
2.01365
2.0102
2.00601
2.00134
1.99664
1.99251
1.98958
1.98828
1.98864
1.99027
1.9925
1.99465
1.9962
1.99699
1.9972
1.99732
1.99796
1.99961
2.00242
2.00615
2.01031
2.01432
2.01773
2.02025
2.02175
2.02217
2.02154
2.01989
2.0173
2.01389
2.00985
2.00551
2.00125
1.99758
1.99498
1.99384
1.9943
1.99619
1.99912
2.00252
2.00586
2.0087
2.01075
2.01186
2.01201
2.01131
2.01005
2.00864
2.00756
2.00723
2.00788
2.00943
2.01161
2.01405
2.01642
2.01855
2.02042
2.02209
2.02365
2.02517
2.02664
2.02805
2.02932
2.03044
2.03141
2.03224
2.03294
2.03344
2.03367
2.0335
2.0329
2.03195
2.03089
2.03004
2.02966
2.02979
2.0302
2.03049
2.03026
2.02927
2.02751
2.02511
2.02226
2.01906
2.01544
2.01114
2.00589
1.99965
1.99289
1.98672
1.98267
1.98206
1.98537
1.99222
2.00174
2.01283
2.02433
2.03511
2.04432
2.05147
2.05651
2.05969
2.06145
2.0623
2.06272
2.06313
2.0638
2.06483
2.06611
2.06744
2.0685
2.06905
2.0689
2.06796
2.06627
2.06391
2.06097
2.0575
2.05352
2.04905
2.04414
2.03899
2.03388
2.02922
2.02543
2.02282
2.02149
2.02127
2.02177
2.02259
2.02355
2.0248
2.02669
2.02943
2.03275
2.03591
2.03795
2.0381
2.03606
2.03211
2.02719
2.02275
2.02039
2.02134
2.02595
2.03361
2.04304
2.05281
2.06175
2.06912
2.07455
2.07801
2.0796
2.07953
2.07804
2.07535
2.07169
2.06727
2.06231
2.05705
2.05177
2.04676
2.0423
2.03857
2.03559
2.0332
2.03105
2.02872
2.02579
2.02205
2.01746
2.0123
2.00706
2.00244
1.99917
1.99785
1.9988
2.00198
2.00698
2.01314
2.01973
2.02607
2.03168
2.03629
2.03981
2.04229
2.04384
2.04455
2.04446
2.04354
2.04172
2.03894
2.03529
2.03115
2.02724
2.02447
2.02357
2.02467
2.0272
2.03022
2.03283
2.03447
2.03501
2.0346
2.03354
2.03215
2.0307
2.0293
2.02796
2.02656
2.02498
2.02313
2.02105
2.01886
2.01683
2.01523
2.01418
2.01355
2.01288
2.01145
2.00848
2.00337
1.9959
1.98649
1.97634
1.96734
1.96171
1.96106
1.96558
1.97386
1.98367
1.99308
2.00096
2.00698
2.01132
2.01441
2.01669
2.01849
2.02
2.02127
2.02224
2.02283
2.02297
2.02264
2.02187
2.0207
2.01921
2.01751
2.01568
2.01384
2.01207
2.01045
2.00905
2.00792
2.00707
2.0065
2.00618
2.00605
2.00605
2.00609
2.00611
2.00601
2.00571
2.00517
2.00431
2.0031
2.00151
1.99952
1.99713
1.99437
1.99129
1.98798
1.98455
1.98118
1.97805
1.97539
1.97343
1.97233
1.97217
1.9729
1.97436
1.97631
1.97844
1.98046
1.98213
1.98325
1.98368
1.9834
1.98244
1.98098
1.97932
1.97786
1.97697
1.97697
1.97792
1.9797
1.98202
1.98454
1.98699
1.9892
1.9911
1.99269
1.99399
1.99497
1.9955
1.99527
1.9936
1.98922
1.97998
1.96305
1.9369
1.90673
1.88846
1.89628
1.92366
1.95264
1.97324
1.98493
1.9904
1.9922
1.99204
1.99095
1.98951
1.98807
1.98681
1.98577
1.9849
1.98415
1.98348
1.98295
1.98263
1.98263
1.98296
1.98355
1.98422
1.98483
1.98534
1.98588
1.98677
1.98831
1.99072
1.99395
1.99773
2.00166
2.00534
2.00846
2.01087
2.0125
2.01339
2.01362
2.01333
2.01269
2.01188
2.01111
2.01057
2.0104
2.01065
2.0113
2.01226
2.01336
2.01446
2.01542
2.01615
2.01659
2.01677
2.0167
2.01644
2.01606
2.0156
2.01507
2.01445
2.01371
2.01285
2.0119
2.01103
2.01049
2.01057
2.01148
2.01325
2.01571
2.01855
2.02146
2.02423
2.02677
2.02907
2.0312
2.0332
2.03513
2.037
2.03882
2.04057
2.04225
2.04384
2.04532
2.04669
2.0479
2.04894
2.04976
2.05032
2.05056
2.05041
2.04977
2.04855
2.04667
2.04404
2.04069
2.03673
2.03248
2.02847
2.02534
2.02368
2.02383
2.02575
2.02906
2.03326
2.03783
2.04239
2.04663
2.05026
2.05299
2.05448
2.05438
2.05231
2.04807
2.04182
2.03444
2.0275
2.02279
2.02129
2.02258
2.02534
2.02849
2.03181
2.03569
2.04049
2.04604
