1.81361
1.80612
1.80248
1.80372
1.80817
1.81214
1.81211
1.80772
1.80323
1.80589
1.82102
1.84769
1.87904
1.90673
1.92516
1.93297
1.93203
1.92502
1.91279
1.89303
1.8615
1.8166
1.76562
1.72598
1.71315
1.72555
1.74914
1.77211
1.78881
1.79706
1.79649
1.78844
1.77582
1.76241
1.75193
1.74806
1.75544
1.77819
1.81503
1.85769
1.89605
1.92328
1.93629
1.9344
1.91852
1.89156
1.85922
1.82918
1.80814
1.7985
1.79774
1.80081
1.80282
1.80069
1.79405
1.78474
1.77523
1.76677
1.75892
1.75101
1.74395
1.7394
1.73673
1.73278
1.72431
1.70969
1.68966
1.66684
1.64423
1.62471
1.6113
1.60616
1.60898
1.6168
1.62495
1.62897
1.62811
1.6282
1.63922
1.66553
1.70025
1.73242
1.75656
1.77494
1.7935
1.81546
1.83872
1.85877
1.87185
1.87559
1.86877
1.85113
1.82332
1.78754
1.7489
1.71593
1.69739
1.69612
1.70656
1.71873
1.72441
1.72066
1.70997
1.69759
1.68808
1.68353
1.68415
1.68934
1.69801
1.70889
1.72081
1.73249
1.7421
1.74733
1.74616
1.73811
1.72479
1.7098
1.69749
1.69084
1.69025
1.69389
1.69927
1.70457
1.70969
1.71637
1.7262
1.73727
1.74409
1.74178
1.73041
1.71603
1.70759
1.71104
1.72503
1.74395
1.76452
1.788
1.81672
1.8499
1.88264
1.90801
1.91971
1.91402
1.89063
1.85286
1.8068
1.76088
1.72694
1.71912
1.74278
1.78469
1.82411
1.84915
1.85841
1.85422
1.8388
1.81456
1.78432
1.75083
1.71771
1.69012
1.67268
1.66642
1.66812
1.67232
1.67418
1.67183
1.66749
1.66624
1.67269
1.68804
1.70998
1.73503
1.76075
1.78607
1.81027
1.83223
1.85088
1.86633
1.88077
1.89703
1.9153
1.93234
1.94434
1.94917
1.94588
1.93364
1.91244
1.88489
1.85629
1.83143
1.8114
1.79419
1.77786
1.76269
1.75088
1.74526
1.74816
1.75936
1.77399
1.78463
1.78666
1.78075
1.77113
1.7627
1.75908
1.76205
1.77125
1.78457
1.7988
1.81035
1.81571
1.81295
1.80481
1.80002
1.80715
1.82531
1.84518
1.85754
1.85771
1.84527
1.82359
1.79992
1.78385
1.78255
1.79634
1.81995
1.84667
1.87093
1.88835
1.89539
1.88955
1.87018
1.83919
1.80207
1.76823
1.74788
1.74649
1.76177
1.78637
1.81275
1.83604
1.8536
1.86345
1.86439
1.85786
1.84881
1.84312
1.84356
1.84845
1.85416
1.85787
1.85823
1.85469
1.8469
1.83435
1.81633
1.79291
1.76747
1.7473
1.73916
1.74322
1.75266
1.75922
1.75992
1.76024
1.76933
1.78978
1.81474
1.83566
1.84921
1.85756
1.86512
1.87513
1.88757
1.89907
1.90455
1.9002
1.88591
1.86556
1.84407
1.82342
1.80163
1.77496
1.74119
1.70296
1.66912
1.65111
1.65436
1.67419
1.7007
1.72584
1.74547
1.75774
1.76202
1.7596
1.75389
1.74895
1.74665
1.74557
1.7438
1.74245
1.74455
1.75102
1.76082
1.77332
1.78774
1.80128
1.80969
1.80988
1.80218
1.79088
1.78234
1.78155
1.7902
1.80752
1.83215
1.86224
1.89422
1.92292
1.94345
1.95304
1.95138
1.93948
1.91893
1.89263
1.86565
1.84274
1.82383
1.80292
1.77284
1.7313
1.68462
1.64739
1.63517
1.65368
1.69543
1.74599
1.7928
1.8302
1.85921
1.88416
1.90862
1.93338
1.95777
1.98165
2.006
2.03178
2.05871
2.08484
2.10699
2.12139
2.12449
2.11337
2.08595
2.04132
1.98052
1.90798
1.83277
1.76734
1.72139
1.69603
1.68768
1.69483
1.71274
1.72934
1.73575
1.7327
1.72628
1.72259
1.72575
1.73756
1.75738
1.78248
1.81017
1.84003
1.8729
1.90801
1.94113
1.96563
1.97559
1.9683
1.94503
1.91033
1.87103
1.83466
1.80698
1.78956
1.77956
1.77202
1.76318
1.75323
1.74673
1.74929
1.76193
1.77894
1.79191
1.79643
1.79704
1.80566
1.82969
1.86308
1.89382
1.91448
1.92336
1.9213
1.90981
1.89058
1.86553
1.83692
1.80741
1.77977
1.75622
1.73739
1.72227
1.7096
1.69918
1.69216
1.69017
1.69492
1.70784
1.72872
1.75447
1.77972
1.79895
1.80887
1.80943
1.80324
1.79373
1.78376
1.77562
1.77261
1.77929
1.79846
1.82727
1.85793
1.88262
1.89699
1.90014
1.89323
1.87856
1.85923
1.83885
1.82077
1.80676
1.79591
1.78541
1.77354
1.76212
1.75457
1.75079
1.74603
1.73608
1.72141
1.70511
1.68823
1.66898
1.64729
1.6282
1.6197
1.62843
1.65694
1.70217
1.75573
1.80731
1.84884
1.87661
1.89108
1.89521
1.89306
1.88866
1.88543
1.88563
1.88968
1.89621
1.90337
1.9106
1.91881
1.92795
1.93513
1.93616
1.93111
1.92802
1.9356
1.95139
1.9654
1.9717
1.97045
1.96427
1.95578
1.94638
1.9365
1.92682
1.91858
1.91206
1.90548
1.89586
1.88086
1.86015
1.8354
1.80951
1.78544
1.76533
1.74998
1.73798
1.72536
1.70783
1.68524
1.66254
1.64354
1.62767
1.6156
1.61266
1.6246
1.65167
1.68786
1.72549
1.75859
1.78333
1.79784
1.80249
1.79993
1.79493
1.79284
1.79717
1.80763
1.82025
1.8297
1.83228
1.82776
1.81902
1.80968
1.80195
1.79667
1.7945
1.7951
1.79563
1.79247
1.78459
1.7741
1.76349
1.75314
1.74277
1.73696
1.74605
1.774
1.81078
1.8442
1.86884
1.88292
1.886
1.88034
1.87085
1.86202
1.85492
1.84739
1.83697
1.82386
1.81081
1.79981
1.78969
1.77787
1.76412
1.75157
1.74475
1.74678
1.75696
1.77016
1.77959
1.78125
1.77586
1.76697
1.75773
1.75005
1.74637
1.75
1.76248
1.78164
1.80276
1.82199
1.83846
1.85257
1.86298
1.86637
1.85955
1.84157
1.81442
1.78281
1.75363
1.73348
1.72485
1.72471
1.72762
1.72966
1.72945
1.72718
1.72303
1.71625
1.70631
1.69464
1.68532
1.68413
1.69621
1.72276
1.75776
1.78965
1.8093
1.81715
1.82147
1.83029
1.84742
1.87251
1.9022
1.93297
1.96311
1.99226
2.01954
2.04271
2.05867
2.06438
2.05776
2.03839
2.00816
1.9713
1.93291
1.8973
1.86807
1.84975
1.84704
1.8605
1.88444
1.91116
1.936
1.95748
1.97405
1.98199
1.97596
1.95195
1.91112
1.86179
1.81641
1.78536
1.77419
1.78281
1.80424
1.82696
1.84168
1.84652
1.84697
1.85134
1.86422
1.88298
1.90042
1.91001
1.90842
1.89468
1.86845
1.82988
1.78065
1.72466
1.66771
1.61787
1.58628
1.58315
1.60708
1.64248
1.67198
1.68745
1.69137
1.69255
1.69956
1.71538
1.73641
1.75503
1.76429
1.76235
1.75402
1.74787
1.7507
1.76411
1.78559
1.81097
1.83517
1.85245
1.85767
1.84803
1.82445
1.79209
1.75894
1.73225
1.71585
1.71022
1.71441
1.72702
1.74598
1.76801
1.78851
1.80308
1.81119
1.81919
1.83627
1.8637
1.89173
1.90907
1.91098
1.90022
1.88473
1.87227
1.86366
1.85332
1.83661
1.81445
1.79154
1.77152
1.75449
1.73929
1.72699
1.72089
1.72371
1.73513
1.75223
1.77154
1.79027
1.80669
1.8203
1.83127
1.83953
1.84486
1.84854
1.85412
1.86534
1.88311
1.90453
1.92438
1.93732
1.93943
1.92917
1.90794
1.87999
1.85179
1.82992
1.81811
1.81592
1.82012
1.82744
1.83559
1.8431
1.8491
1.85286
1.85282
1.84702
1.83509
1.81945
1.80356
1.78928
1.77653
1.76493
1.75516
1.74809
1.7429
1.73649
1.72556
1.70939
1.69101
1.67623
1.6714
1.68039
1.70181
1.72905
1.75414
1.77243
1.78428
1.79339
1.80372
1.8172
1.83282
1.84761
1.85849
1.86393
1.86463
1.86289
1.86088
1.85901
1.85556
1.84787
1.83439
1.81617
1.79696
1.7811
1.77004
1.76012
1.74489
1.72244
1.70037
1.68938
1.6922
1.70518
1.72646
1.75645
1.79364
1.83288
1.86733
1.89166
1.90391
1.90488
1.89618
1.87944
1.85675
1.83043
1.80234
1.77385
1.74683
1.72443
1.7102
1.70607
1.71047
1.71839
1.72405
1.72507
1.72557
1.73393
1.75394
1.78012
1.80361
1.8185
1.82211
1.81373
1.79489
1.76918
1.73974
1.70702
1.67096
1.63796
1.62438
1.6437
1.68947
1.743
1.7905
1.8266
1.85072
1.86444
1.87024
1.8706
1.86698
1.85948
1.84838
1.83673
1.82985
1.82973
1.83109
1.82597
1.8107
1.78704
1.7596
1.73442
1.71905
1.71993
1.73731
1.76492
1.79489
1.82112
1.83951
1.84739
1.84323
1.82681
1.79987
1.76665
1.73307
1.70503
1.68779
1.68654
1.70442
1.73852
1.78008
1.82002
1.85308
1.87838
1.89733
1.91018
1.9145
1.9073
1.88788
1.85895
1.8261
1.79654
1.77707
1.77078
1.77539
1.78498
1.79454
1.80295
1.81247
1.82583
1.84321
1.86128
1.87512
1.88154
1.88092
1.87614
1.86974
1.86239
1.8547
1.84978
1.85226
1.86337
1.8771
1.88254
1.87054
1.83935
1.79686
1.75796
1.73567
1.73304
1.74582
1.769
1.79785
1.82717
1.85278
1.87307
1.88854
1.90006
1.90802
1.91262
1.91433
1.9137
1.91049
1.90376
1.89337
1.8814
1.87219
1.86993
1.87554
1.8861
1.89669
1.90241
1.89935
1.88497
1.85875
1.82365
1.78652
1.75612
1.73963
1.73932
1.75129
1.76665
1.7755
1.77232
1.7597
1.74731
1.74484
1.75422
1.7704
1.7877
1.80287
1.8149
1.82443
1.83283
1.84055
1.84656
1.84943
1.84899
1.84572
1.83903
1.82777
1.81278
1.79761
1.78557
1.77689
1.76937
1.76046
1.74824
1.73161
1.7108
1.68789
1.66603
1.64783
1.63449
1.62661
1.62505
1.63041
1.64218
1.65919
1.68058
1.70582
1.73384
1.76261
1.78951
1.81201
1.82814
1.83688
1.83794
1.83146
1.81771
1.79777
1.77464
1.75385
1.742
1.74352
1.75752
