1.14966
1.16059
1.16146
1.15179
1.13319
1.10906
1.08387
1.06195
1.04654
1.03951
1.04132
1.0513
1.0681
1.09008
1.11546
1.14225
1.16817
1.19055
1.20663
1.214
1.21117
1.19783
1.175
1.14479
1.11027
1.07488
1.04208
1.01471
0.994668
0.982769
0.978744
0.981466
0.989208
0.999933
1.01161
1.02245
1.03136
1.03806
1.04308
1.04756
1.05285
1.06019
1.07048
1.08393
1.10005
1.11755
1.13446
1.14854
1.15755
1.15987
1.15483
1.1428
1.1252
1.10434
1.08275
1.06243
1.04459
1.0296
1.0175
1.00874
1.0042
1.00494
1.0114
1.02276
1.03718
1.05262
1.06773
1.082
1.09566
1.109
1.1219
1.13379
1.14376
1.15086
1.15442
1.15436
1.15124
1.14617
1.14059
1.13592
1.13301
1.13164
1.1303
1.12651
1.11805
1.10455
1.08865
1.07475
1.0658
1.06107
1.0576
1.053
1.04679
1.03992
1.03352
1.02808
1.02338
1.01881
1.01417
1.00999
1.00779
1.00948
1.01681
1.03059
1.05016
1.07368
1.09864
1.12271
1.1442
1.1622
1.17622
1.18566
1.18954
1.18652
1.1755
1.1562
1.12962
1.09839
1.06674
1.04001
1.0229
1.0171
1.02017
1.02732
1.03447
1.03983
1.04389
1.04836
1.05498
1.06474
1.07755
1.0924
1.10795
1.12258
1.13436
1.14094
1.14012
1.131
1.1147
1.09417
1.07345
1.05657
1.04661
1.04496
1.05131
1.064
1.08101
1.10093
1.12327
1.14788
1.17385
1.19896
1.22013
1.23438
1.23966
1.23544
1.22264
1.20337
1.18019
1.15531
1.12999
1.1047
1.0798
1.05604
1.03459
1.01675
1.00344
0.994861
0.990612
0.989815
0.991276
0.993846
0.996734
0.999723
1.00298
1.00672
1.01085
1.01481
1.01788
1.01967
1.02066
1.02227
1.02644
1.03497
1.04869
1.0671
1.08853
1.11067
1.1312
1.14819
1.16037
1.16719
1.16878
1.16572
1.15873
1.14846
1.13559
1.12093
1.10579
1.09181
1.08079
1.07444
1.07382
1.07907
1.08912
1.10189
1.1148
1.12542
1.13203
1.13412
1.13232
1.1279
1.12196
1.11492
1.10638
1.09556
1.08192
1.0658
1.04858
1.03259
1.02081
1.01616
1.02062
1.03455
1.05635
1.08279
1.10977
1.13322
1.14989
1.15776
1.15599
1.14487
1.12552
1.09965
1.06931
1.03661
1.0041
0.974781
0.952212
0.940047
0.941258
0.956922
0.985641
1.02375
1.06643
1.10894
1.14745
1.17942
1.20337
1.21832
1.22367
1.21943
1.20637
1.18649
1.16294
1.13954
1.11976
1.10557
1.09686
1.09182
1.0883
1.08459
1.07972
1.07324
1.0651
1.05577
1.04607
1.03712
1.03
1.02562
1.02457
1.0272
1.03358
1.0434
1.0559
1.06993
1.08416
1.09758
1.10976
1.12117
1.13278
1.14523
1.15838
1.17075
1.1796
1.18182
1.17484
1.15734
1.12978
1.09444
1.05521
1.01694
0.984614
0.962461
0.95318
0.957326
0.973258
0.997314
1.02479
1.05096
1.07204
1.0855
1.09015
1.08597
1.07416
1.05719
1.03867
1.02279
1.01329
1.01213
1.01883
1.03149
1.0481
1.06742
1.08906
1.11266
1.13735
1.16172
1.18405
1.20278
1.21684
1.22558
1.22865
1.22576
1.21691
1.20251
1.18357
1.16183
1.13941
1.11823
1.09955
1.0833
1.06817
1.05218
1.03381
1.01297
0.991478
0.972818
0.961235
0.960475
0.972443
0.996305
1.0284
1.06338
1.0955
1.12009
1.13425
1.13685
1.12845
1.1108
1.08646
1.0585
1.03046
1.00633
0.990033
0.984707
0.991778
1.01041
1.03783
1.07004
1.10281
1.1327
1.15745
1.17588
1.18763
1.19259
1.19049
1.18107
1.1649
1.14376
1.12037
1.09771
1.0783
1.06401
1.05618
1.05548
1.06165
1.07328
1.08799
1.10317
1.11669
1.12722
1.13433
1.13792
1.13776
1.1331
1.12315
1.10765
1.08735
1.06453
1.04316
1.02804
1.02319
1.02999
1.04644
1.06813
1.09021
1.10899
1.12239
1.12959
1.13048
1.12533
1.11477
1.0999
1.08244
1.06466
1.04905
1.03784
1.03263
1.03405
1.04171
1.05417
1.06923
1.08424
1.09657
1.10435
1.10677
1.10428
1.09834
1.09124
1.0855
1.08299
1.08427
1.08827
1.09267
1.0947
1.09164
1.08164
1.0641
1.04034
1.01431
0.992717
0.983305
0.991191
1.01569
1.05094
1.08927
1.12415
1.15112
1.16772
1.17291
1.16702
1.15157
1.12932
1.10413
1.08045
1.06256
1.05376
1.05561
1.06769
1.08788
1.11294
1.1389
1.16173
1.17808
1.18568
1.18369
1.17262
1.15436
1.13177
1.10809
1.0863
1.06891
1.05762
1.05316
1.05521
1.0625
1.07317
1.08508
1.09629
1.10543
1.11162
1.11452
1.11416
1.11066
1.10402
1.09398
1.08031
1.06313
1.04321
1.02221
1.0025
0.986788
0.977492
0.976093
0.982866
0.996784
1.01581
1.03757
1.05969
1.08008
1.09691
1.10851
1.11345
1.11091
1.10107
1.08541
1.06721
1.0512
1.04264
1.04558
1.06113
1.08699
1.118
1.14781
1.17054
1.18171
1.17898
1.16241
1.1344
1.09961
1.06449
1.03617
1.02075
1.02138
1.03713
1.0634
1.09382
1.12238
1.14492
1.15949
1.16609
1.16627
1.16256
1.15745
1.15266
1.14866
1.14467
1.13916
1.1306
1.11838
1.10308
1.08635
1.07044
1.05764
1.04972
1.04767
1.05164
1.06096
1.07441
1.09034
1.10714
1.12341
1.13789
1.14933
1.15634
1.15773
1.15271
1.14117
1.1241
1.10342
1.08167
1.06138
1.04438
1.03161
1.0231
1.01826
1.01596
1.01505
1.01447
1.01361
1.01234
1.01136
1.01209
1.01636
1.02584
1.04143
1.06281
1.08825
1.11479
1.1388
1.15693
1.16698
1.16836
1.1619
1.14927
1.13266
1.1146
1.09783
1.08469
1.07655
1.07337
1.07396
1.07669
1.08032
1.08451
1.08996
1.09814
1.11051
1.12733
1.14715
1.16704
1.18357
1.19386
1.19596
1.18905
1.17358
1.1513
1.12495
1.09774
1.0726
1.05161
1.03558
1.02429
1.01673
1.01132
1.00615
0.999568
0.990945
0.981137
0.972236
0.966879
0.9672
0.97427
0.987909
1.0072
1.03102
1.05814
1.08725
1.11671
1.14457
1.16885
1.18782
1.2005
1.20635
1.2056
1.19897
1.18755
1.17239
1.15428
1.13383
1.11155
1.08799
1.06412
1.04133
1.02143
1.00634
0.997921
0.997184
1.00388
1.01616
1.03118
1.04597
1.05826
1.06705
1.07282
1.07708
1.08161
1.08757
1.09518
1.10435
1.11502
1.12728
1.1412
1.1566
1.17299
1.18944
1.2045
1.21635
1.22298
1.22249
1.21379
1.19667
1.17198
1.14129
1.10664
1.07032
1.03479
1.00274
0.976752
0.958667
0.948976
0.946646
0.949414
0.954938
0.96193
0.970938
0.984521
1.00557
1.03452
1.06785
1.09991
1.12551
1.14141
1.14628
1.14047
1.12568
1.10445
1.07988
1.05528
1.0337
1.0176
1.00869
1.0078
1.01478
1.02827
1.04581
1.06451
1.08182
1.09626
1.10753
1.11607
1.12249
1.12722
1.13046
1.13238
1.13347
1.13447
1.13608
1.13864
1.14178
1.14457
1.14574
1.14406
1.13878
1.12987
1.11801
1.10463
1.09151
1.08047
1.07299
1.06984
1.07082
1.07481
1.08004
1.08476
1.08783
1.08906
1.08902
1.08854
1.08835
1.08871
1.08948
1.09013
1.09008
1.08895
1.08683
1.08428
1.08226
1.08175
1.08349
1.0877
1.09385
1.10096
1.1078
1.11319
1.11646
1.1173
1.11574
1.11188
1.10569
1.09697
1.08548
1.07122
1.05477
1.03749
1.02142
1.00872
1.00083
0.997967
0.999237
1.00329
1.00901
1.01594
1.0243
1.03488
1.04828
1.0646
1.08318
1.10293
1.12277
1.14204
1.16065
1.17848
1.19488
1.20811
1.21567
1.21491
1.20374
1.18142
1.14872
1.10808
1.06351
1.01987
0.98218
0.954898
0.941519
0.944063
0.962353
0.993472
1.03231
1.07319
1.11103
1.14206
1.16415
1.17653
1.1795
1.1742
1.16225
1.14587
1.12766
1.11016
1.09541
1.08459
1.07797
1.07502
1.07476
1.07604
1.07794
1.07987
1.08169
1.0835
1.08534
1.08691
1.0875
1.08617
1.08206
1.07442
1.06299
1.04792
1.03017
1.01154
0.994614
0.982376
0.977371
0.981014
0.993098
1.01204
1.03559
1.06154
1.08795
1.11332
1.13655
1.15686
1.17367
1.18654
1.195
1.19854
1.19667
1.18908
1.17573
1.15735
1.13561
1.11299
1.0924
1.07637
1.06615
1.06168
1.06189
1.06532
1.07069
1.07707
1.08416
1.09211
1.10153
1.11293
1.1264
1.14113
1.15533
1.16666
1.17283
1.1723
1.16438
1.14934
1.12816
1.10203
1.07234
1.04086
1.01009
0.983222
0.963384
0.952539
0.950979
0.957777
0.971729
0.991619
1.01601
1.04296
1.07002
1.09465
1.11462
1.12851
1.13574
1.13645
1.13144
1.12223
1.11135
1.10221
1.09864
1.10361
1.11787
1.13932
1.16378
1.18652
1.20345
1.2117
1.20989
1.19802
1.17752
1.15087
1.12117
1.09157
1.06463
1.04212
1.02487
1.01267
1.00464
0.999715
0.997346
0.997772
1.00189
1.01059
1.02373
1.03992
1.05693
1.07244
1.08495
1.0942
1.10107
1.10709
1.11368
1.12131
1.12928
1.13609
1.14005
1.13991
1.13521
1.12654
1.11559
1.10451
1.09555
1.09019
1.08867
1.09
1.09236
1.09383
1.09313
1.08989
1.0849
1.07966
1.076
1.0753
1.07827
1.08463
1.09348
1.10362
1.1138
1.1227
1.12885
1.13061
1.12686
1.11747
1.10383
1.08837
1.07393
1.06299
1.05678
1.05548
1.05827
1.06403
1.07171
1.08062
1.09031
1.10052
1.11122
1.12242
1.13398
1.14516
1.15447
1.15972
1.15871
1.15008
1.13392
1.1119
1.08706
1.06314
1.04391
1.03229
1.02983
1.03645
1.05045
1.06912
1.08931
1.10797
1.12242
1.13068
1.13147
1.12428
1.1094
1.08826
1.06341
1.03824
1.01657
1.00194
0.996794
1.00196
1.0166
1.03846
1.06468
1.09216
