-5.97687
-6.02292
-6.06265
-6.09492
-6.11163
-6.11624
-6.11322
-6.10743
-6.10078
-6.09683
-6.09217
-6.08471
-6.08368
-6.08139
-6.08081
-6.07415
-6.0515
-6.01261
-5.96698
-5.91791
-5.87673
-5.84667
-5.82842
-5.82396
-5.82711
-5.84043
-5.86774
-5.90412
-5.93784
-5.97043
-5.99082
-5.99869
-5.98696
-5.96577
-5.93608
-5.90573
-5.88011
-5.86264
-5.86023
-5.87243
-5.88802
-5.9037
-5.91218
-5.9083
-5.89352
-5.87215
-5.84591
-5.81919
-5.7956
-5.77677
-5.76415
-5.75544
-5.75562
-5.76002
-5.76788
-5.78129
-5.79603
-5.81701
-5.84409
-5.87615
-5.9065
-5.93611
-5.96649
-5.99364
-6.02586
-6.05756
-6.09497
-6.13217
-6.15952
-6.17578
-6.17718
-6.16973
-6.15016
-6.1195
-6.08024
-6.0353
-5.99153
-5.95529
-5.92865
-5.91765
-5.90924
-5.90849
-5.90816
-5.90638
-5.90562
-5.90521
-5.90757
-5.91626
-5.93175
-5.94811
-5.95989
-5.95773
-5.93784
-5.90987
-5.87461
-5.84006
-5.81618
-5.79586
-5.78257
-5.77825
-5.78232
-5.79315
-5.8123
-5.83923
-5.87423
-5.90822
-5.93901
-5.96166
-5.97451
-5.97508
-5.96624
-5.95498
-5.94723
-5.95156
-5.97037
-6.00378
-6.04127
-6.07921
-6.10881
-6.12536
-6.12521
-6.11106
-6.0892
-6.0614
-6.03406
-6.00987
-5.98977
-5.97446
-5.96272
-5.95466
-5.94654
-5.94001
-5.93033
-5.91354
-5.88313
-5.84326
-5.80363
-5.77064
-5.75539
-5.75887
-5.77692
-5.80852
-5.83961
-5.86094
-5.86145
-5.84005
-5.80504
-5.7644
-5.72776
-5.7038
-5.69566
-5.70022
-5.72477
-5.77128
-5.8329
-5.90347
-5.97235
-6.03528
-6.08721
-6.12135
-6.14173
-6.14404
-6.13009
-6.10388
-6.06458
-6.01603
-5.9619
-5.90525
-5.84862
-5.80286
-5.7654
-5.73785
-5.71822
-5.71584
-5.73742
-5.78994
-5.86549
-5.95664
-6.04121
-6.11118
-6.16154
-6.18688
-6.18993
-6.1725
-6.13967
-6.09377
-6.04411
-6.00231
-5.96732
-5.94059
-5.91972
-5.90573
-5.89724
-5.89293
-5.89935
-5.9162
-5.93779
-5.96557
-5.99076
-6.00437
-6.00591
-5.99066
-5.96106
-5.92343
-5.87809
-5.83354
-5.78577
-5.73636
-5.68978
-5.64563
-5.61565
-5.60015
-5.60905
-5.64384
-5.70336
-5.78195
-5.8701
-5.94686
-6.00803
-6.04309
-6.05553
-6.04486
-6.02274
-5.98683
-5.94331
-5.90042
-5.85976
-5.83087
-5.82594
-5.84247
-5.87399
-5.91638
-5.9681
-6.02374
-6.07638
-6.11553
-6.13453
-6.12782
-6.10274
-6.06715
-6.03137
-6.00092
-5.98122
-5.96867
-5.96333
-5.96537
-5.9746
-5.98752
-6.00807
-6.02585
-6.04343
-6.05048
-6.05395
-6.05241
-6.04632
-6.03907
-6.03156
-6.0195
-6.01014
-5.99162
-5.96127
-5.92169
-5.86883
-5.81848
-5.77821
-5.76078
-5.76519
-5.78802
-5.81886
-5.84805
-5.87415
-5.88699
-5.88829
-5.87487
-5.85484
-5.83671
-5.82952
-5.83628
-5.85046
-5.86543
-5.8671
-5.86234
-5.86072
-5.86459
-5.88091
-5.9014
-5.91703
-5.92623
-5.91965
-5.90236
-5.87543
-5.84983
-5.83093
-5.83488
-5.85406
-5.89426
-5.94073
-5.98749
-6.02318
-6.04059
-6.04202
-6.02665
-5.9951
-5.95417
-5.91077
-5.8745
-5.85675
-5.8625
-5.89942
-5.95561
-6.01267
-6.05658
-6.08128
-6.08492
-6.07314
-6.05398
-6.03631
-6.01542
-5.99481
-5.97267
-5.94331
-5.91371
-5.88144
-5.85376
-5.8308
-5.81818
-5.81871
-5.82912
-5.84828
-5.87203
-5.88436
-5.88115
-5.8603
-5.82604
-5.78809
-5.75487
-5.7384
-5.73192
-5.74386
-5.7714
-5.81352
-5.8682
-5.93294
-5.99405
-6.0468
-6.08219
-6.0986
-6.1015
-6.08788
-6.06394
-6.03187
-5.9966
-5.96859
-5.9496
-5.93589
-5.92378
-5.91288
-5.89882
-5.88804
-5.88332
-5.89439
-5.91809
-5.95242
-5.98582
-6.01368
-6.03327
-6.03873
-6.03497
-6.02753
-6.0079
-5.98177
-5.95343
-5.91732
-5.88625
-5.85962
-5.84257
-5.84221
-5.8558
-5.8875
-5.92773
-5.96351
-5.9848
-5.9873
-5.97788
-5.96704
-5.95513
-5.94976
-5.94091
-5.92054
-5.88551
-5.84125
-5.80224
-5.77868
-5.77553
-5.79227
-5.81527
-5.83306
-5.84737
-5.86248
-5.87941
-5.9019
-5.93179
-5.96925
-6.00177
-6.0355
-6.05666
-6.05586
-6.03728
-6.0035
-5.9601
-5.91907
-5.88702
-5.86409
-5.8531
-5.84889
-5.85232
-5.86256
-5.87632
-5.88866
-5.89623
-5.89545
-5.89116
-5.88709
-5.88869
-5.8932
-5.90068
-5.91111
-5.92154
-5.92921
-5.93021
-5.92639
-5.91426
-5.89179
-5.86353
-5.82509
-5.78919
-5.76193
-5.75028
-5.76344
-5.79269
-5.8317
-5.87092
-5.90917
-5.93764
-5.96397
-5.98122
-5.9882
-5.97782
-5.94942
-5.91134
-5.87338
-5.84235
-5.82145
-5.81739
-5.83032
-5.85889
-5.89415
-5.92869
-5.94817
-5.95291
-5.94887
-5.94122
-5.93327
-5.9312
-5.93027
-5.92999
-5.92662
-5.92502
-5.93615
-5.95174
-5.97224
-5.98642
-5.98937
-5.97867
-5.96145
-5.94603
-5.93729
-5.94232
-5.95629
-5.97849
-6.00803
-6.03883
-6.07546
-6.11452
-6.15087
-6.17412
-6.18272
-6.16754
-6.12819
-6.07164
-6.0037
-5.93706
-5.88031
-5.84262
-5.81681
-5.80463
-5.80038
-5.80138
-5.81059
-5.82804
-5.84831
-5.86947
-5.88651
-5.90235
-5.91284
-5.92194
-5.9328
-5.94577
-5.96329
-5.98386
-6.00443
-6.01506
-6.01394
-6.00183
-5.98445
-5.96587
-5.9568
-5.95736
-5.96572
-5.9772
-5.98071
-5.97734
-5.9671
-5.9563
-5.9489
-5.94863
-5.9527
-5.95171
-5.93962
-5.9145
-5.88155
-5.84872
-5.82871
-5.82563
-5.83667
-5.86275
-5.89679
-5.93131
-5.96682
-5.99185
-6.00264
-5.99802
-5.9719
-5.939
-5.89669
-5.85811
-5.82479
-5.80008
-5.78702
-5.78111
-5.78804
-5.80701
-5.83784
-5.88399
-5.93903
-5.99562
-6.0411
-6.06795
-6.07692
-6.06933
-6.04837
-6.01998
-5.98562
-5.94843
-5.91158
-5.88217
-5.86421
-5.85957
-5.86301
-5.87085
-5.87924
-5.88521
-5.88965
-5.89398
-5.90408
-5.91785
-5.93501
-5.95643
-5.9759
-5.99626
-6.01139
-6.01971
-6.02058
-6.01469
-6.00794
-5.99695
-5.98795
-5.98043
-5.98192
-5.98788
-5.99505
-5.99502
-5.98542
-5.97044
-5.95514
-5.9484
-5.94877
-5.9579
-5.97241
-5.98759
-5.99079
-5.98578
-5.97662
-5.95498
-5.9314
-5.90898
-5.8878
-5.87378
-5.8625
-5.85251
-5.83853
-5.82194
-5.79526
-5.75936
-5.71033
-5.6555
-5.59722
-5.54742
-5.5066
-5.48676
-5.49388
-5.53301
-5.60001
-5.68115
-5.76915
-5.85024
-5.91973
-5.97492
-6.01467
-6.04173
-6.05419
-6.06229
-6.06407
-6.06533
-6.06263
-6.0563
-6.04287
-6.02307
-6.00096
-5.98287
-5.97159
-5.97987
-6.00982
-6.05832
-6.11093
-6.1553
-6.18367
-6.1898
-6.17029
-6.13055
-6.07152
-6.00181
-5.9281
-5.86248
-5.81012
-5.77695
-5.75751
-5.7495
-5.74663
-5.75372
-5.76675
-5.788
-5.81168
-5.838
-5.87284
-5.92005
-5.97176
-6.02372
-6.06278
-6.08105
-6.07963
-6.06787
-6.05799
-6.05706
-6.06705
-6.07757
-6.07835
-6.06081
-6.02496
-5.9679
-5.89719
-5.82412
-5.75845
-5.70608
-5.67585
-5.67456
-5.69806
-5.75066
-5.81064
-5.86712
-5.91046
-5.93383
-5.94566
-5.95276
-5.96003
-5.97162
-5.98294
-5.99354
-6.00087
-6.00732
-6.01601
-6.02505
-6.03585
-6.04701
-6.0557
-6.06526
-6.07181
-6.07057
-6.05639
-6.03286
-6.00123
-5.96889
-5.948
-5.93643
-5.93842
-5.94072
-5.93951
-5.92954
-5.91705
-5.90484
-5.89988
-5.90681
-5.93057
-5.96131
-5.99606
-6.02306
-6.03624
-6.03124
-6.00801
-5.97164
-5.92846
-5.87655
-5.81928
-5.7584
-5.69589
-5.63764
-5.60463
-5.60852
-5.64861
-5.715
-5.78351
-5.83858
-5.86997
-5.87833
-5.86983
-5.86553
-5.87125
-5.89176
-5.92138
-5.95029
-5.97616
-5.99159
-5.9946
-5.98786
-5.96948
-5.94195
-5.9115
-5.88524
-5.87599
-5.88442
-5.90564
-5.94146
-5.97887
-6.006
-6.02387
-6.02337
-6.01615
-5.99994
-5.98926
-5.99051
-6.00022
-6.00953
-6.01443
-6.00784
-5.98934
-5.95389
-5.90758
-5.85574
-5.81144
-5.78598
-5.78827
-5.82229
-5.87608
-5.9365
-5.9885
-6.0256
-6.04128
-6.03396
-6.0105
-5.97204
-5.92824
-5.8815
-5.83851
-5.80663
-5.78571
-5.77946
-5.79029
-5.81575
-5.85811
-5.90602
-5.94597
-5.97466
-5.9877
-5.9876
-5.9807
-5.96702
-5.95198
-5.93261
-5.91395
-5.89495
-5.87727
-5.85817
-5.83463
-5.81146
-5.79431
-5.78959
-5.7991
-5.82415
-5.86358
-5.91514
-5.97402
-6.02953
-6.07456
-6.09723
-6.09484
-6.06332
-6.00982
-5.94381
-5.88036
-5.82914
-5.79265
-5.77371
-5.76945
-5.77968
-5.80414
-5.83551
-5.87348
-5.91287
-5.94552
-5.96995
-5.98166
-5.98181
-5.98198
-5.98567
-5.99948
-6.01165
-6.02771
-6.03804
-6.04684
-6.04632
-6.03379
-6.00376
-5.95265
-5.88514
-5.81412
-5.75161
-5.71226
-5.70071
-5.71719
-5.74972
-5.79213
-5.83179
-5.86869
-5.8997
-5.93152
-5.96982
-6.01255
-6.05303
-6.08399
-6.09792
-6.09436
-6.08004
-6.06239
-6.04757
-6.03833
-6.03278
-6.02694
-6.01908
-5.99922
-5.96476
-5.91638
-5.86099
-5.81049
-5.7718
-5.75057
-5.745
-5.7535
-5.77375
-5.80955
-5.85304
-5.89412
-5.92386
-5.93445
-5.93407
-5.92546
-5.91751
-5.92516
-5.95283
-5.98902
-6.02486
-6.05021
-6.05731
-6.04965
-6.02953
-6.00425
-5.98323
-5.96879
-5.96221
-5.96083
-5.96482
-5.96934
-5.97118
-5.96948
-5.96457
-5.952
-5.93547
-5.91581
-5.89535
-5.88401
-5.87483
-5.87182
-5.86705
-5.86948
-5.86951
-5.87056
-5.87013
-5.86827
-5.87097
-5.87649
-5.8874
-5.90314
-5.92484
-5.95198
-5.97413
-5.98616
-5.98239
-5.95766
-5.92324
-5.89055
-5.87083
-5.8603
-5.86108
-5.87394
-5.90004
-5.93716
-5.97948
-6.01389
-6.02953
-6.024
-5.99476
-5.95344
-5.91322
-5.88202
-5.85438
-5.83017
-5.80852
-5.79326
-5.79818
-5.82248
-5.86379
-5.90645
-5.93717
-5.95392
-5.95553
-5.94623
-5.93952
-5.93111
-5.93063
-5.93366
-5.94918
-5.96988
-5.9988
-6.02084
-6.03176
-6.02629
-6.00739
-5.97038
-5.92238
-5.86911
-5.82166
-5.78885
-5.77507
-5.78099
-5.79839
-5.81962
-5.83937
-5.85301
-5.86038
-5.86748
-5.87435
-5.88291
-5.89205
-5.89678
-5.90418
-5.91909
-5.94008
-5.96571
-5.99271
-6.01343
-6.02052
