2.72041
2.70918
2.70372
2.70558
2.71226
2.71821
2.71817
2.71159
2.70485
2.70884
2.73153
2.77154
2.81856
2.86009
2.88774
2.89946
2.89805
2.88753
2.86919
2.83955
2.79225
2.72489
2.64843
2.58897
2.56972
2.58833
2.62372
2.65816
2.68322
2.69559
2.69473
2.68265
2.66374
2.64362
2.62789
2.62209
2.63315
2.66728
2.72255
2.78653
2.84408
2.88492
2.90444
2.9016
2.87777
2.83734
2.78882
2.74377
2.71221
2.69774
2.69661
2.70122
2.70422
2.70103
2.69107
2.67711
2.66285
2.65016
2.63839
2.62651
2.61592
2.60911
2.6051
2.59918
2.58647
2.56454
2.53449
2.50025
2.46635
2.43707
2.41696
2.40924
2.41347
2.4252
2.43742
2.44346
2.44217
2.4423
2.45883
2.49829
2.55037
2.59863
2.63485
2.66242
2.69025
2.72318
2.75807
2.78816
2.80777
2.81338
2.80315
2.77669
2.73498
2.68131
2.62334
2.57389
2.54608
2.54418
2.55984
2.5781
2.58662
2.58099
2.56495
2.54638
2.53212
2.5253
2.52623
2.53401
2.54701
2.56333
2.58121
2.59873
2.61315
2.62099
2.61924
2.60716
2.58718
2.56471
2.54623
2.53626
2.53538
2.54083
2.5489
2.55686
2.56454
2.57456
2.5893
2.60591
2.61614
2.61268
2.59562
2.57405
2.56138
2.56656
2.58754
2.61593
2.64678
2.68199
2.72508
2.77485
2.82396
2.86201
2.87957
2.87102
2.83594
2.7793
2.7102
2.64132
2.59042
2.57868
2.61417
2.67704
2.73616
2.77372
2.78761
2.78133
2.7582
2.72184
2.67648
2.62624
2.57657
2.53517
2.50901
2.49963
2.50218
2.50848
2.51127
2.50775
2.50124
2.49936
2.50903
2.53206
2.56497
2.60254
2.64113
2.67911
2.7154
2.74835
2.77631
2.7995
2.82116
2.84555
2.87295
2.89851
2.91651
2.92375
2.91882
2.90046
2.86865
2.82733
2.78444
2.74715
2.71711
2.69129
2.66679
2.64404
2.62633
2.6179
2.62225
2.63904
2.66098
2.67694
2.67999
2.67112
2.6567
2.64405
2.63862
2.64307
2.65688
2.67686
2.6982
2.71553
2.72357
2.71942
2.70721
2.70003
2.71072
2.73797
2.76777
2.7863
2.78656
2.7679
2.73538
2.69988
2.67578
2.67382
2.69451
2.72992
2.77001
2.80639
2.83253
2.84308
2.83433
2.80528
2.75878
2.7031
2.65235
2.62182
2.61973
2.64266
2.67955
2.71912
2.75406
2.78039
2.79518
2.79659
2.7868
2.77321
2.76467
2.76533
2.77268
2.78123
2.7868
2.78734
2.78203
2.77034
2.75153
2.72449
2.68937
2.6512
2.62095
2.60874
2.61483
2.62899
2.63883
2.63988
2.64035
2.65399
2.68467
2.72211
2.75349
2.77381
2.78634
2.79768
2.81269
2.83136
2.8486
2.85682
2.85029
2.82886
2.79834
2.7661
2.73513
2.70245
2.66244
2.61179
2.55444
2.50369
2.47667
2.48154
2.51129
2.55105
2.58876
2.61821
2.6366
2.64303
2.6394
2.63083
2.62343
2.61998
2.61835
2.6157
2.61368
2.61682
2.62653
2.64123
2.65997
2.6816
2.70192
2.71454
2.71481
2.70327
2.68632
2.67351
2.67233
2.6853
2.71127
2.74822
2.79336
2.84133
2.88438
2.91517
2.92956
2.92707
2.90923
2.87839
2.83895
2.79847
2.76411
2.73575
2.70438
2.65927
2.59696
2.52693
2.47108
2.45275
2.48052
2.54314
2.61898
2.6892
2.74529
2.78881
2.82624
2.86293
2.90007
2.93665
2.97248
3.00899
3.04767
3.08806
3.12727
3.16048
3.18209
3.18674
3.17006
3.12893
3.06198
2.97078
2.86197
2.74916
2.65102
2.58208
2.54404
2.53152
2.54225
2.5691
2.59401
2.60362
2.59905
2.58942
2.58389
2.58862
2.60633
2.63607
2.67371
2.71526
2.76005
2.80935
2.86201
2.9117
2.94845
2.96339
2.95245
2.91755
2.8655
2.80654
2.752
2.71047
2.68435
2.66935
2.65802
2.64477
2.62985
2.6201
2.62394
2.6429
2.66841
2.68787
2.69464
2.69556
2.70849
2.74454
2.79462
2.84073
2.87172
2.88504
2.88195
2.86471
2.83587
2.7983
2.75539
2.71111
2.66965
2.63433
2.60608
2.58341
2.5644
2.54877
2.53824
2.53526
2.54238
2.56177
2.59308
2.63171
2.66958
2.69843
2.7133
2.71415
2.70486
2.6906
2.67563
2.66344
2.65892
2.66894
2.69769
2.7409
2.78689
2.82393
2.84549
2.85021
2.83984
2.81784
2.78885
2.75828
2.73115
2.71013
2.69386
2.67811
2.66032
2.64318
2.63185
2.62619
2.61904
2.60413
2.58211
2.55767
2.53235
2.50346
2.47094
2.4423
2.42954
2.44264
2.48541
2.55325
2.6336
2.71097
2.77325
2.81492
2.83662
2.84282
2.83959
2.83299
2.82814
2.82844
2.83453
2.84432
2.85505
2.8659
2.87821
2.89193
2.9027
2.90424
2.89667
2.89203
2.90341
2.92708
2.9481
2.95756
2.95568
2.94641
2.93366
2.91957
2.90475
2.89023
2.87787
2.86809
2.85822
2.84379
2.8213
2.79022
2.7531
2.71427
2.67816
2.648
2.62497
2.60698
2.58804
2.56174
2.52785
2.49381
2.46531
2.4415
2.4234
2.41898
2.4369
2.47751
2.53179
2.58823
2.63789
2.67499
2.69676
2.70373
2.69989
2.69239
2.68926
2.69576
2.71144
2.73038
2.74455
2.74842
2.74164
2.72852
2.71451
2.70292
2.695
2.69175
2.69264
2.69345
2.6887
2.67688
2.66115
2.64524
2.62971
2.61416
2.60545
2.61907
2.661
2.71617
2.7663
2.80326
2.82438
2.829
2.82052
2.80627
2.79303
2.78239
2.77108
2.75546
2.7358
2.71621
2.69971
2.68453
2.66681
2.64619
2.62736
2.61713
2.62018
2.63545
2.65525
2.66939
2.67187
2.66379
2.65046
2.6366
2.62507
2.61955
2.625
2.64373
2.67246
2.70414
2.73298
2.75769
2.77885
2.79447
2.79955
2.78932
2.76236
2.72163
2.67422
2.63045
2.60022
2.58728
2.58707
2.59144
2.59449
2.59417
2.59077
2.58454
2.57438
2.55947
2.54196
2.52799
2.52619
2.54432
2.58414
2.63665
2.68448
2.71395
2.72573
2.73221
2.74544
2.77113
2.80877
2.8533
2.89945
2.94467
2.98839
3.02931
3.06407
3.088
3.09656
3.08663
3.05758
3.01224
2.95695
2.89937
2.84595
2.80211
2.77462
2.77056
2.79075
2.82666
2.86674
2.904
2.93622
2.96108
2.97299
2.96394
2.92793
2.86667
2.79269
2.72461
2.67804
2.66128
2.67422
2.70636
2.74044
2.76252
2.76977
2.77046
2.77702
2.79633
2.82447
2.85063
2.86501
2.86263
2.84202
2.80268
2.74482
2.67098
2.58699
2.50157
2.4268
2.37942
2.37472
2.41063
2.46373
2.50797
2.53118
2.53705
2.53882
2.54933
2.57306
2.60461
2.63255
2.64643
2.64352
2.63103
2.62181
2.62604
2.64616
2.67838
2.71646
2.75276
2.77868
2.78651
2.77204
2.73667
2.68814
2.6384
2.59838
2.57378
2.56533
2.57161
2.59053
2.61897
2.65201
2.68276
2.70463
2.71678
2.72879
2.75441
2.79555
2.8376
2.86361
2.86647
2.85032
2.8271
2.80841
2.79549
2.77998
2.75492
2.72168
2.6873
2.65728
2.63174
2.60894
2.59048
2.58134
2.58557
2.60269
2.62834
2.6573
2.6854
2.71003
2.73044
2.7469
2.75929
2.76729
2.7728
2.78118
2.79802
2.82466
2.85679
2.88657
2.90598
2.90914
2.89376
2.8619
2.81999
2.77769
2.74488
2.72717
2.72387
2.73019
2.74116
2.75338
2.76466
2.77366
2.77928
2.77923
2.77053
2.75264
2.72918
2.70534
2.68391
2.66479
2.6474
2.63274
2.62213
2.61435
2.60473
2.58833
2.56409
2.53652
2.51434
2.5071
2.52059
2.55272
2.59358
2.63121
2.65865
2.67643
2.69008
2.70558
2.7258
2.74923
2.77141
2.78774
2.7959
2.79695
2.79433
2.79132
2.78852
2.78334
2.77181
2.75158
2.72426
2.69544
2.67165
2.65506
2.64017
2.61734
2.58367
2.55056
2.53407
2.53831
2.55776
2.58968
2.63468
2.69046
2.74932
2.801
2.83749
2.85587
2.85732
2.84427
2.81915
2.78512
2.74565
2.70352
2.66078
2.62025
2.58664
2.5653
2.5591
2.5657
2.57758
2.58608
2.5876
2.58835
2.60089
2.63091
2.67019
2.70542
2.72776
2.73316
2.72059
2.69234
2.65377
2.60961
2.56053
2.50643
2.45694
2.43657
2.46554
2.53421
2.6145
2.68575
2.73989
2.77609
2.79666
2.80535
2.8059
2.80047
2.78922
2.77256
2.75509
2.74477
2.7446
2.74664
2.73896
2.71604
2.68056
2.6394
2.60163
2.57857
2.5799
2.60596
2.64737
2.69233
2.73169
2.75927
2.77108
2.76485
2.74022
2.6998
2.64998
2.59961
2.55754
2.53169
2.5298
2.55664
2.60777
2.67012
2.73003
2.77961
2.81758
2.84599
2.86527
2.87176
2.86095
2.83181
2.78843
2.73914
2.69482
2.6656
2.65617
2.66309
2.67748
2.69181
2.70443
2.71871
2.73874
2.76481
2.79192
2.81268
2.8223
2.82138
2.81421
2.80461
2.79359
2.78206
2.77467
2.77839
2.79505
2.81565
2.82381
2.80581
2.75903
2.69529
2.63694
2.6035
2.59956
2.61873
2.6535
2.69677
2.74076
2.77917
2.8096
2.83281
2.85009
2.86204
2.86892
2.8715
2.87055
2.86573
2.85564
2.84005
2.8221
2.80829
2.8049
2.81331
2.82915
2.84503
2.85361
2.84903
2.82746
2.78813
2.73548
2.67977
2.63418
2.60945
2.60898
2.62694
2.64997
2.66326
2.65848
2.63955
2.62097
2.61726
2.63133
2.65561
2.68155
2.70431
2.72235
2.73665
2.74924
2.76083
2.76983
2.77414
2.77348
2.76857
2.75855
2.74166
2.71917
2.69642
2.67836
2.66533
2.65405
2.64068
2.62235
2.59741
2.5662
2.53184
2.49905
2.47174
2.45173
2.43991
2.43757
2.44561
2.46326
2.48879
2.52087
2.55872
2.60076
2.64391
2.68427
2.71801
2.74221
2.75532
2.75692
2.74718
2.72656
2.69665
2.66196
2.63077
2.613
2.61528
2.63628
