2.98781
2.99535
3.0064
3.01875
3.03076
3.04144
3.05029
3.05713
3.062
3.06501
3.06632
3.06605
3.06437
3.06152
3.05781
3.05371
3.04976
3.04644
3.04403
3.04248
3.04136
3.04
3.03767
3.03378
3.02812
3.02104
3.01361
3.0075
3.00442
3.00533
3.0099
3.01674
3.02417
3.03084
3.03604
3.03958
3.0416
3.04236
3.04215
3.04122
3.03978
3.03797
3.03591
3.03372
3.03151
3.02941
3.02754
3.02604
3.02499
3.02442
3.02426
3.02437
3.02456
3.0246
3.02428
3.02346
3.02206
3.02011
3.01774
3.01514
3.01252
3.01009
3.00797
3.00626
3.00499
3.00423
3.00405
3.00453
3.00578
3.00782
3.01057
3.01386
3.01742
3.02097
3.02426
3.02712
3.02952
3.03152
3.03327
3.03492
3.03657
3.03826
3.03991
3.04139
3.04253
3.04314
3.0431
3.04229
3.04069
3.03831
3.03527
3.03177
3.02808
3.02453
3.02146
3.01913
3.01768
3.01704
3.01697
3.01709
3.01702
3.01645
3.01529
3.01372
3.01221
3.01139
3.0118
3.01372
3.01696
3.02097
3.02507
3.02867
3.03146
3.03346
3.0349
3.03616
3.03766
3.03968
3.04234
3.04558
3.04919
3.05284
3.0562
3.05897
3.06088
3.06169
3.06119
3.05916
3.05534
3.04939
3.04094
3.02972
3.01587
3.0004
2.98564
2.97492
2.97126
2.97566
2.98651
3.00081
3.01574
3.02943
3.04098
3.0501
3.05686
3.0615
3.06436
3.06582
3.06626
3.06602
3.0654
3.06462
3.06381
3.06304
3.06234
3.06174
3.06133
3.06124
3.06171
3.06296
3.0652
3.06844
3.07244
3.07671
3.08063
3.08355
3.0849
3.08429
3.08147
3.07633
3.06898
3.05973
3.04918
3.03828
3.02827
3.02045
3.01585
3.01478
3.01679
3.02077
3.0254
3.02948
3.03212
3.03291
3.03187
3.02951
3.02673
3.02466
3.02448
3.02705
3.03265
3.04085
3.05068
3.06093
3.07052
3.07868
3.08501
3.08942
3.09197
3.09278
3.09191
3.08932
3.08487
3.07836
3.06967
3.05896
3.047
3.03528
3.02596
3.02117
3.02199
3.02786
3.03693
3.04703
3.05641
3.06401
3.0693
3.07205
3.07215
3.06965
3.06483
3.05845
3.05178
3.04649
3.04399
3.04474
3.04805
3.05255
3.05687
3.06024
3.06246
3.06377
3.06457
3.06519
3.0658
3.06643
3.06696
3.06724
3.0671
3.06643
3.06523
3.06351
3.06136
3.05884
3.05601
3.05296
3.04987
3.04703
3.04482
3.04356
3.04348
3.04465
3.04702
3.05044
3.05475
3.05974
3.06516
3.07067
3.07586
3.0802
3.08299
3.0834
3.08042
3.07294
3.05997
3.04103
3.01696
2.99085
2.96816
2.95493
2.95424
2.96427
2.97978
2.99562
3.00882
3.01858
3.02522
3.02949
3.03227
3.03469
3.0378
3.0421
3.04713
3.05177
3.05485
3.05561
3.05392
3.05017
3.04514
3.03982
3.03521
3.03216
3.03115
3.03222
3.03506
3.03907
3.0436
3.04799
3.05175
3.05454
3.05619
3.05669
3.05614
3.0547
3.05257
3.04998
3.04714
3.04422
3.04135
3.03862
3.03604
3.03361
3.03124
3.02885
3.02634
3.02363
3.02072
3.01767
3.01468
3.01201
3.01001
3.00902
3.00929
3.01094
3.01388
3.01787
3.0225
3.02736
3.03208
3.03634
3.04
3.04296
3.04523
3.04687
3.04796
3.0486
3.04888
3.04891
3.0488
3.04869
3.0487
3.04895
3.04953
3.05046
3.05174
3.0533
3.05503
3.05684
3.05866
3.06042
3.0621
3.06363
3.0649
3.06569
3.06569
3.06452
3.0617
3.0568
3.04955
3.04007
3.02905
3.01787
3.00821
3.00139
2.99788
2.99729
2.99907
3.00293
3.00867
3.0158
3.02335
3.03014
3.03513
3.03768
3.03761
3.03517
3.031
3.02606
3.0215
3.01843
3.01756
3.01905
3.02248
3.0271
3.03214
3.03698
3.04126
3.04479
3.04756
3.04958
3.05093
3.05168
3.05189
3.05161
3.05083
3.04956
3.04774
3.0453
3.04213
3.03809
3.0331
3.02713
3.02035
3.01322
3.00652
3.00123
2.99827
2.99808
3.00041
3.00442
3.00906
3.01343
3.01697
3.01949
3.02103
3.02174
3.02174
3.02104
3.0195
3.01692
3.01309
3.00801
3.00198
2.9956
2.9896
2.98433
2.97922
2.97246
2.96134
2.94313
2.91661
2.88357
2.84936
2.82155
2.8068
2.8083
2.82474
2.85121
2.88173
2.91148
2.93753
2.95852
2.97418
2.98498
2.99184
2.99581
2.99784
2.99863
2.99863
2.99801
2.99685
2.99514
2.99288
2.99009
2.98687
2.98334
2.97969
2.97613
2.97288
2.97014
2.96806
2.96673
2.96616
2.96627
2.96693
2.96801
2.96936
2.97085
2.9724
2.97393
2.97541
2.97681
2.97809
2.97925
2.98024
2.98103
2.98154
2.98171
2.98144
2.98063
2.97918
2.97699
2.97405
2.97041
2.96624
2.96187
2.95777
2.95448
2.95248
2.95213
2.95352
2.95656
2.96097
2.96637
2.97241
2.97874
2.98506
2.99107
2.99656
3.0013
3.00514
3.00795
3.00971
3.01047
3.01036
3.0096
3.00842
3.00696
3.00516
3.00268
2.99891
2.99305
2.98432
2.97239
2.95799
2.94369
2.93384
2.93267
2.94126
2.95658
2.97365
2.98845
2.99901
3.00494
3.00664
3.00478
3.00016
2.99372
2.98648
2.97961
2.97421
2.97113
2.97083
2.97332
2.97819
2.98477
2.99215
2.99936
3.0055
3.00978
3.01167
3.01084
3.00726
3.00116
2.99319
2.98438
2.97612
2.96982
2.96651
2.96653
2.96955
2.97492
2.98189
2.98978
2.99795
3.00583
3.01291
3.01883
3.02336
3.02642
3.02801
3.02818
3.02696
3.02439
3.02048
3.01529
3.00901
3.00201
2.99496
2.98877
2.98438
2.98242
2.98296
2.98541
2.98876
2.99197
2.9943
2.99548
2.9958
2.99598
2.99694
2.99941
3.00363
3.00923
3.01546
3.02148
3.02659
3.03038
3.03262
3.03326
3.03231
3.02983
3.02594
3.02083
3.01478
3.00826
3.00187
2.99636
2.99247
2.99076
2.99145
2.99429
2.99867
3.00377
3.00879
3.01305
3.01613
3.01779
3.01801
3.01697
3.01508
3.01296
3.01134
3.01085
3.01181
3.01415
3.01742
3.02107
3.02463
3.02783
3.03063
3.03314
3.03548
3.03775
3.03997
3.04207
3.04398
3.04566
3.04711
3.04836
3.04941
3.05017
3.0505
3.05025
3.04934
3.04792
3.04633
3.04506
3.0445
3.04469
3.0453
3.04573
3.04538
3.04391
3.04127
3.03767
3.0334
3.0286
3.02315
3.01671
3.00884
2.99948
2.98933
2.98008
2.97401
2.97308
2.97805
2.98834
3.00261
3.01924
3.03649
3.05267
3.06648
3.0772
3.08476
3.08954
3.09218
3.09345
3.09408
3.0947
3.09571
3.09724
3.09917
3.10115
3.10275
3.10358
3.10334
3.10194
3.09941
3.09587
3.09145
3.08625
3.08029
3.07358
3.06622
3.05848
3.05082
3.04384
3.03815
3.03423
3.03223
3.0319
3.03266
3.03389
3.03532
3.0372
3.04004
3.04415
3.04913
3.05386
3.05692
3.05715
3.05409
3.04817
3.04079
3.03412
3.03058
3.03201
3.03892
3.05041
3.06456
3.07922
3.09263
3.10368
3.11183
3.11701
3.1194
3.1193
3.11706
3.11303
3.10754
3.1009
3.09346
3.08557
3.07765
3.07014
3.06345
3.05785
3.05339
3.04981
3.04658
3.04307
3.03869
3.03307
3.02619
3.01844
3.01059
3.00367
2.99876
2.99678
2.9982
3.00297
3.01046
3.01971
3.02959
3.03911
3.04753
3.05444
3.05972
3.06344
3.06576
3.06682
3.06669
3.06531
3.06258
3.0584
3.05293
3.04672
3.04086
3.0367
3.03535
3.037
3.0408
3.04533
3.04924
3.05171
3.05252
3.0519
3.05031
3.04823
3.04605
3.04396
3.04193
3.03983
3.03747
3.0347
3.03157
3.02829
3.02525
3.02284
3.02127
3.02032
3.01931
3.01717
3.01272
3.00505
2.99384
2.97974
2.96451
2.95101
2.94256
2.94159
2.94838
2.96078
2.97551
2.98962
3.00145
3.01047
3.01699
3.02162
3.02503
3.02773
3.03
3.0319
3.03336
3.03424
3.03445
3.03396
3.0328
3.03105
3.02882
3.02626
3.02353
3.02076
3.0181
3.01567
3.01358
3.01188
3.01061
3.00976
3.00927
3.00908
3.00907
3.00914
3.00916
3.00901
3.00857
3.00776
3.00647
3.00466
3.00226
2.99927
2.99569
2.99155
2.98693
2.98196
2.97683
2.97176
2.96707
2.96309
2.96015
2.95849
2.95825
2.95935
2.96154
2.96446
2.96766
2.97069
2.9732
2.97487
2.97553
2.97509
2.97366
2.97147
2.96899
2.96678
2.96546
2.96545
2.96688
2.96955
2.97303
2.97681
2.98048
2.9838
2.98665
2.98904
2.99098
2.99245
2.99325
2.99291
2.99041
2.98382
2.96996
2.94458
2.90536
2.8601
2.8327
2.84442
2.88549
2.92897
2.95987
2.97739
2.98559
2.9883
2.98807
2.98642
2.98426
2.98211
2.98022
2.97865
2.97735
2.97622
2.97523
2.97442
2.97395
2.97395
2.97445
2.97532
2.97633
2.97725
2.97801
2.97883
2.98015
2.98247
2.98608
2.99093
2.9966
3.00249
3.008
3.01269
3.01631
3.01875
3.02009
3.02044
3.02
3.01903
3.01782
3.01667
3.01586
3.0156
3.01597
3.01696
3.01839
3.02005
3.0217
3.02313
3.02422
3.02489
3.02515
3.02505
3.02466
3.02409
3.0234
3.0226
3.02167
3.02057
3.01927
3.01785
3.01654
3.01573
3.01586
3.01723
3.01988
3.02356
3.02782
3.03219
3.03634
3.04015
3.04361
3.0468
3.0498
3.05269
3.0555
3.05822
3.06085
3.06337
3.06576
3.06799
3.07003
3.07185
3.07341
3.07464
3.07549
3.07584
3.07561
3.07465
3.07283
3.07
3.06606
3.06103
3.05509
3.04873
3.04271
3.03801
3.03552
3.03575
3.03863
3.0436
3.04988
3.05675
3.06359
3.06994
3.07538
3.07948
3.08173
3.08157
3.07847
3.0721
3.06273
3.05166
3.04125
3.03419
3.03194
3.03387
3.03802
3.04274
3.04771
3.05353
3.06073
3.06907
