-0.275852
-0.283408
-0.294461
-0.306808
-0.318821
-0.3295
-0.338363
-0.345202
-0.350066
-0.353082
-0.354386
-0.354121
-0.352438
-0.349581
-0.345871
-0.34177
-0.33781
-0.334501
-0.332092
-0.330539
-0.329431
-0.328067
-0.325732
-0.321843
-0.316183
-0.309095
-0.30167
-0.295553
-0.29248
-0.293388
-0.297955
-0.304803
-0.312221
-0.318889
-0.324095
-0.327645
-0.329684
-0.330439
-0.330223
-0.32929
-0.327853
-0.32604
-0.324
-0.321813
-0.3196
-0.317496
-0.315626
-0.314127
-0.313079
-0.312498
-0.312332
-0.312456
-0.312656
-0.312692
-0.312371
-0.311548
-0.310144
-0.308198
-0.305826
-0.303227
-0.300611
-0.298178
-0.296057
-0.294341
-0.293076
-0.292314
-0.292129
-0.292607
-0.293871
-0.295898
-0.298643
-0.301937
-0.305509
-0.309054
-0.31235
-0.315219
-0.317616
-0.319618
-0.321363
-0.323003
-0.324649
-0.326336
-0.327983
-0.329469
-0.330601
-0.331215
-0.331185
-0.330386
-0.328779
-0.326395
-0.323359
-0.319852
-0.316152
-0.312607
-0.309537
-0.307216
-0.305758
-0.305121
-0.305053
-0.305175
-0.305103
-0.304524
-0.303366
-0.301799
-0.300292
-0.29946
-0.299883
-0.301797
-0.305036
-0.309053
-0.313158
-0.316755
-0.319563
-0.321547
-0.322999
-0.324271
-0.325772
-0.327785
-0.330451
-0.333697
-0.337291
-0.340935
-0.344307
-0.347073
-0.34898
-0.349788
-0.349292
-0.347266
-0.343444
-0.337491
-0.329053
-0.317835
-0.303979
-0.288504
-0.273729
-0.263013
-0.259355
-0.263756
-0.274609
-0.288921
-0.303849
-0.317528
-0.329074
-0.338198
-0.344941
-0.349573
-0.352432
-0.353892
-0.354317
-0.354074
-0.353463
-0.352686
-0.351877
-0.351097
-0.350399
-0.349797
-0.349371
-0.349287
-0.349758
-0.351021
-0.353265
-0.356498
-0.360492
-0.364769
-0.368693
-0.371603
-0.372971
-0.372359
-0.369535
-0.364403
-0.357053
-0.347792
-0.337243
-0.326345
-0.316321
-0.308505
-0.303894
-0.302834
-0.304837
-0.308829
-0.31346
-0.317534
-0.320181
-0.320971
-0.319937
-0.31759
-0.314798
-0.312727
-0.312557
-0.31512
-0.320714
-0.328909
-0.338732
-0.348976
-0.35857
-0.366725
-0.373056
-0.377465
-0.380013
-0.380819
-0.379956
-0.377373
-0.372927
-0.366426
-0.357737
-0.347034
-0.335067
-0.323343
-0.314027
-0.309236
-0.310053
-0.315923
-0.325002
-0.33509
-0.344473
-0.352065
-0.35735
-0.360089
-0.360193
-0.357694
-0.352883
-0.34649
-0.339813
-0.33452
-0.332021
-0.332774
-0.336093
-0.340574
-0.3449
-0.34826
-0.350488
-0.351815
-0.35261
-0.353212
-0.353811
-0.354443
-0.354987
-0.355264
-0.355124
-0.354456
-0.353247
-0.351536
-0.349367
-0.346851
-0.344023
-0.340964
-0.337879
-0.335035
-0.332824
-0.331571
-0.3315
-0.332674
-0.335041
-0.338468
-0.342789
-0.347771
-0.353193
-0.358702
-0.363891
-0.368228
-0.371033
-0.371437
-0.368451
-0.360976
-0.348011
-0.329063
-0.304995
-0.278883
-0.256196
-0.242959
-0.242277
-0.252311
-0.267804
-0.283643
-0.296846
-0.306607
-0.313255
-0.317512
-0.3203
-0.322711
-0.325827
-0.330118
-0.335148
-0.339791
-0.342854
-0.343616
-0.341922
-0.338179
-0.333158
-0.327844
-0.323242
-0.320192
-0.319182
-0.32025
-0.323084
-0.327109
-0.331629
-0.336024
-0.339793
-0.342572
-0.344217
-0.344722
-0.344156
-0.342709
-0.340586
-0.337995
-0.335139
-0.332225
-0.32936
-0.326627
-0.324051
-0.321618
-0.319267
-0.316881
-0.314352
-0.311644
-0.308725
-0.305686
-0.302691
-0.300034
-0.298039
-0.297042
-0.297316
-0.298969
-0.301919
-0.305909
-0.310544
-0.315406
-0.320127
-0.324399
-0.32805
-0.331006
-0.333277
-0.334926
-0.336021
-0.33666
-0.336937
-0.336979
-0.336874
-0.336769
-0.336772
-0.337025
-0.337606
-0.338542
-0.339832
-0.34138
-0.343096
-0.34491
-0.346715
-0.348478
-0.350164
-0.351696
-0.352959
-0.353758
-0.353762
-0.352585
-0.34976
-0.344863
-0.337606
-0.328127
-0.317114
-0.305937
-0.296268
-0.28946
-0.285938
-0.285362
-0.287149
-0.29101
-0.296738
-0.303866
-0.311422
-0.318215
-0.323203
-0.325749
-0.325682
-0.323237
-0.319073
-0.314139
-0.309583
-0.306514
-0.305652
-0.307139
-0.310564
-0.315194
-0.320232
-0.32508
-0.329353
-0.332889
-0.335652
-0.337672
-0.339022
-0.339771
-0.339995
-0.339711
-0.338948
-0.337681
-0.335863
-0.333422
-0.330244
-0.326208
-0.321221
-0.31524
-0.308458
-0.301326
-0.294619
-0.289319
-0.286355
-0.286166
-0.288494
-0.292508
-0.297148
-0.301514
-0.305051
-0.307567
-0.3091
-0.309809
-0.309799
-0.309107
-0.307573
-0.305002
-0.30118
-0.2961
-0.290069
-0.283686
-0.277686
-0.272412
-0.267305
-0.260544
-0.249413
-0.231207
-0.204689
-0.171631
-0.137421
-0.109606
-0.0948446
-0.0963454
-0.112793
-0.139277
-0.169801
-0.199564
-0.225616
-0.246608
-0.26227
-0.27307
-0.279934
-0.283904
-0.285936
-0.286725
-0.286706
-0.286105
-0.284947
-0.283242
-0.280975
-0.278191
-0.274972
-0.271447
-0.267802
-0.264243
-0.260988
-0.258244
-0.256161
-0.254832
-0.254264
-0.254377
-0.255048
-0.256124
-0.257472
-0.258966
-0.260504
-0.262036
-0.263517
-0.264925
-0.266209
-0.267362
-0.268357
-0.269136
-0.269652
-0.269824
-0.269553
-0.268747
-0.267298
-0.265113
-0.262164
-0.258514
-0.254344
-0.249976
-0.245872
-0.242562
-0.240567
-0.240216
-0.241622
-0.244653
-0.24906
-0.254466
-0.26051
-0.26684
-0.273147
-0.279167
-0.284651
-0.289395
-0.293225
-0.296034
-0.297799
-0.298559
-0.298457
-0.297702
-0.296523
-0.295049
-0.293242
-0.290748
-0.286978
-0.281118
-0.272393
-0.260455
-0.246051
-0.231744
-0.221897
-0.2207
-0.229299
-0.244616
-0.261691
-0.2765
-0.28707
-0.293004
-0.294695
-0.292838
-0.288227
-0.281778
-0.274544
-0.267685
-0.262279
-0.259196
-0.258893
-0.261368
-0.266249
-0.272823
-0.28021
-0.287426
-0.293564
-0.297846
-0.299734
-0.29891
-0.295328
-0.289232
-0.281272
-0.272455
-0.264192
-0.257889
-0.254587
-0.254597
-0.257619
-0.262991
-0.269972
-0.277858
-0.286033
-0.293919
-0.301004
-0.306914
-0.311465
-0.31454
-0.316133
-0.31629
-0.315082
-0.312506
-0.308599
-0.303422
-0.297139
-0.290141
-0.283097
-0.276903
-0.272499
-0.270554
-0.271097
-0.27355
-0.276894
-0.280112
-0.282434
-0.283613
-0.283927
-0.284114
-0.285074
-0.28754
-0.291749
-0.297352
-0.30359
-0.309608
-0.314717
-0.318497
-0.320739
-0.32138
-0.320424
-0.317951
-0.314069
-0.308951
-0.302905
-0.296395
-0.290001
-0.284494
-0.280609
-0.278904
-0.279588
-0.282424
-0.286801
-0.291902
-0.296909
-0.301173
-0.304251
-0.305917
-0.306139
-0.305093
-0.303212
-0.301102
-0.299476
-0.298993
-0.299951
-0.302283
-0.305552
-0.309209
-0.312769
-0.315969
-0.318773
-0.321268
-0.323611
-0.325884
-0.328101
-0.330204
-0.332123
-0.333803
-0.335256
-0.336507
-0.337552
-0.338312
-0.338648
-0.338391
-0.337488
-0.336065
-0.334484
-0.333214
-0.332643
-0.332833
-0.333444
-0.333866
-0.333522
-0.332037
-0.32939
-0.325796
-0.321517
-0.316717
-0.311266
-0.304818
-0.296949
-0.28759
-0.277439
-0.268183
-0.262113
-0.261184
-0.266148
-0.276433
-0.290716
-0.307343
-0.324582
-0.34077
-0.354576
-0.365306
-0.372862
-0.377629
-0.380265
-0.381521
-0.382142
-0.382757
-0.383774
-0.385315
-0.387243
-0.389222
-0.390813
-0.39164
-0.39141
-0.390008
-0.387469
-0.383926
-0.379511
-0.374321
-0.368355
-0.361637
-0.354284
-0.346543
-0.338888
-0.331907
-0.326204
-0.32229
-0.320286
-0.319958
-0.320715
-0.321944
-0.323367
-0.325236
-0.328072
-0.332184
-0.337164
-0.3419
-0.344954
-0.345181
-0.342126
-0.3362
-0.328827
-0.322163
-0.318622
-0.320043
-0.326962
-0.338462
-0.352614
-0.367265
-0.380679
-0.391723
-0.399862
-0.405044
-0.407429
-0.407326
-0.405084
-0.401053
-0.395548
-0.38891
-0.381463
-0.373578
-0.365651
-0.35815
-0.351458
-0.345864
-0.3414
-0.337823
-0.334596
-0.331092
-0.326724
-0.321095
-0.314231
-0.306492
-0.29864
-0.291706
-0.286797
-0.284812
-0.286228
-0.290993
-0.298495
-0.30774
-0.317625
-0.327143
-0.335571
-0.342474
-0.347748
-0.351478
-0.353796
-0.354859
-0.354722
-0.353346
-0.3506
-0.34643
-0.340957
-0.334757
-0.328887
-0.324716
-0.323361
-0.324998
-0.328811
-0.333352
-0.337266
-0.339727
-0.340535
-0.339913
-0.338318
-0.33625
-0.334075
-0.331977
-0.32995
-0.327851
-0.325482
-0.322719
-0.319585
-0.316316
-0.313282
-0.310887
-0.309317
-0.308379
-0.307373
-0.305234
-0.300791
-0.293131
-0.28193
-0.267829
-0.252598
-0.239111
-0.230651
-0.229683
-0.23647
-0.248886
-0.263614
-0.277733
-0.289554
-0.298586
-0.305102
-0.309734
-0.31315
-0.315848
-0.318126
-0.320025
-0.321482
-0.322367
-0.322593
-0.322095
-0.320926
-0.319171
-0.31694
-0.314381
-0.311647
-0.308879
-0.306215
-0.303793
-0.301696
-0.300001
-0.298726
-0.297877
-0.297392
-0.297197
-0.297194
-0.297262
-0.297271
-0.297111
-0.296676
-0.295864
-0.294573
-0.292753
-0.290361
-0.28737
-0.283783
-0.279655
-0.275038
-0.270063
-0.264925
-0.259857
-0.255152
-0.251164
-0.248221
-0.246568
-0.246336
-0.247435
-0.249626
-0.252531
-0.255728
-0.258773
-0.261278
-0.26295
-0.263618
-0.263194
-0.261758
-0.259578
-0.257084
-0.254888
-0.253561
-0.253551
-0.254991
-0.257664
-0.261141
-0.264917
-0.268594
-0.271917
-0.274775
-0.277162
-0.279108
-0.280577
-0.28137
-0.281029
-0.278529
-0.271957
-0.258102
-0.232722
-0.193494
-0.148221
-0.120801
-0.13254
-0.173633
-0.217121
-0.248019
-0.265535
-0.273737
-0.276449
-0.276218
-0.274548
-0.272397
-0.270251
-0.268353
-0.266787
-0.265484
-0.264349
-0.263365
-0.262559
-0.262091
-0.262083
-0.262585
-0.263466
-0.264472
-0.265381
-0.266155
-0.266965
-0.268298
-0.270612
-0.274224
-0.279073
-0.284734
-0.29062
-0.296129
-0.300818
-0.304433
-0.306879
-0.308218
-0.308579
-0.308152
-0.30718
-0.305966
-0.304804
-0.30399
-0.303718
-0.304084
-0.305063
-0.306488
-0.30813
-0.309787
-0.311221
-0.312308
-0.312979
-0.31325
-0.313144
-0.312766
-0.3122
-0.311497
-0.310694
-0.30977
-0.308667
-0.30736
-0.305938
-0.30464
-0.303835
-0.303958
-0.305341
-0.307997
-0.311679
-0.315928
-0.320294
-0.324455
-0.328263
-0.331719
-0.334907
-0.337917
-0.340803
-0.34361
-0.346334
-0.348962
-0.35148
-0.353866
-0.356087
-0.358125
-0.359955
-0.361517
-0.36275
-0.363606
-0.363961
-0.363726
-0.362758
-0.360945
-0.358119
-0.354193
-0.349164
-0.343226
-0.336855
-0.330844
-0.326139
-0.323654
-0.323875
-0.326747
-0.331718
-0.338005
-0.344877
-0.351714
-0.358075
-0.363508
-0.367608
-0.369854
-0.369711
-0.366609
-0.360245
-0.35088
-0.339795
-0.329393
-0.322324
-0.320082
-0.322024
-0.326163
-0.33089
-0.335858
-0.341683
-0.348875
-0.357217
