-4.48326
-4.47202
-4.4646
-4.46721
-4.47526
-4.48016
-4.47815
-4.47172
-4.46634
-4.46926
-4.49135
-4.53106
-4.57794
-4.61781
-4.64425
-4.65582
-4.65455
-4.64312
-4.62449
-4.59501
-4.54923
-4.48156
-4.40463
-4.34531
-4.32439
-4.34407
-4.38023
-4.41452
-4.43943
-4.45255
-4.45215
-4.43901
-4.41979
-4.40072
-4.3862
-4.38116
-4.39267
-4.42514
-4.48041
-4.54531
-4.60271
-4.64294
-4.66171
-4.65797
-4.63413
-4.59414
-4.54441
-4.49951
-4.46659
-4.45152
-4.44993
-4.45591
-4.45967
-4.45527
-4.44667
-4.43316
-4.41905
-4.40757
-4.39716
-4.38649
-4.3771
-4.3709
-4.36538
-4.35825
-4.34479
-4.32256
-4.29221
-4.25827
-4.22482
-4.19644
-4.17663
-4.16786
-4.17178
-4.18262
-4.19379
-4.19922
-4.19958
-4.20046
-4.21683
-4.256
-4.30779
-4.35606
-4.39241
-4.41983
-4.44735
-4.48089
-4.51715
-4.54603
-4.56549
-4.5714
-4.56103
-4.53411
-4.49209
-4.43963
-4.38151
-4.33159
-4.30378
-4.30128
-4.31755
-4.33552
-4.34389
-4.33841
-4.32327
-4.30424
-4.29074
-4.28345
-4.28515
-4.29277
-4.30427
-4.3218
-4.33983
-4.35659
-4.37072
-4.37795
-4.37711
-4.36548
-4.34504
-4.32105
-4.30227
-4.29336
-4.29308
-4.29823
-4.30571
-4.31306
-4.32074
-4.33136
-4.3458
-4.3606
-4.37069
-4.36722
-4.35047
-4.32933
-4.31772
-4.32366
-4.3445
-4.37137
-4.40298
-4.43758
-4.48112
-4.53135
-4.58107
-4.61853
-4.63639
-4.62814
-4.59276
-4.53566
-4.4661
-4.39782
-4.3472
-4.33758
-4.37383
-4.43702
-4.49767
-4.53537
-4.54941
-4.54358
-4.52
-4.48393
-4.43873
-4.38833
-4.33775
-4.2962
-4.26883
-4.25914
-4.26185
-4.26619
-4.26808
-4.2632
-4.25683
-4.25464
-4.26447
-4.2884
-4.32147
-4.35965
-4.39899
-4.43576
-4.47221
-4.50485
-4.53418
-4.55751
-4.57917
-4.60265
-4.63036
-4.65607
-4.67543
-4.68328
-4.67805
-4.65848
-4.62592
-4.58504
-4.5429
-4.50621
-4.47618
-4.45112
-4.42602
-4.4028
-4.38554
-4.37726
-4.38222
-4.39796
-4.42141
-4.43768
-4.44133
-4.43306
-4.41848
-4.40552
-4.39965
-4.40424
-4.41851
-4.43895
-4.46029
-4.47838
-4.48612
-4.48288
-4.4699
-4.46271
-4.47386
-4.50187
-4.53214
-4.55112
-4.55183
-4.53393
-4.5008
-4.46453
-4.43967
-4.43967
-4.4593
-4.49503
-4.53376
-4.56879
-4.59432
-4.60488
-4.59613
-4.56738
-4.51997
-4.46308
-4.41307
-4.38148
-4.37879
-4.40173
-4.43893
-4.47895
-4.51449
-4.54038
-4.5535
-4.55506
-4.54542
-4.53183
-4.52253
-4.52334
-4.53145
-4.53864
-4.54406
-4.5446
-4.53869
-4.52806
-4.50939
-4.4819
-4.44738
-4.40966
-4.3788
-4.36583
-4.37268
-4.38731
-4.3964
-4.39774
-4.39791
-4.41109
-4.44147
-4.47846
-4.50909
-4.52835
-4.54133
-4.55221
-4.56631
-4.58529
-4.60239
-4.61015
-4.60439
-4.58401
-4.55454
-4.522
-4.49028
-4.45669
-4.41669
-4.36619
-4.30913
-4.25912
-4.2321
-4.23773
-4.26794
-4.308
-4.34587
-4.37653
-4.39432
-4.40105
-4.39711
-4.38824
-4.38008
-4.37588
-4.37486
-4.37205
-4.36973
-4.37301
-4.38484
-4.39999
-4.41874
-4.44067
-4.461
-4.47361
-4.47374
-4.4631
-4.44569
-4.43347
-4.4326
-4.44526
-4.47124
-4.50758
-4.55272
-4.60025
-4.64284
-4.67379
-4.68788
-4.68509
-4.66709
-4.63625
-4.5959
-4.55512
-4.52
-4.49044
-4.45862
-4.412
-4.35074
-4.28116
-4.22665
-4.20726
-4.23625
-4.29918
-4.37473
-4.44435
-4.5015
-4.5438
-4.58168
-4.61973
-4.65717
-4.6936
-4.72852
-4.76413
-4.8031
-4.84304
-4.8827
-4.91607
-4.93813
-4.94279
-4.92551
-4.88363
-4.81607
-4.72472
-4.6156
-4.50339
-4.40675
-4.33781
-4.30069
-4.28832
-4.2992
-4.32667
-4.35159
-4.3612
-4.35571
-4.34667
-4.3422
-4.34769
-4.36389
-4.39408
-4.43142
-4.47327
-4.51836
-4.56781
-4.62017
-4.66805
-4.70526
-4.72095
-4.71032
-4.67436
-4.62275
-4.5647
-4.5109
-4.47044
-4.44461
-4.42901
-4.41679
-4.40338
-4.38816
-4.37901
-4.38239
-4.4006
-4.42597
-4.44559
-4.45235
-4.45236
-4.46512
-4.50028
-4.55051
-4.59618
-4.62868
-4.64306
-4.63981
-4.62393
-4.59433
-4.5554
-4.51324
-4.46821
-4.42765
-4.39264
-4.36439
-4.34187
-4.32241
-4.30557
-4.29338
-4.28964
-4.29721
-4.31645
-4.34806
-4.38624
-4.42428
-4.45388
-4.46921
-4.46975
-4.46001
-4.44484
-4.43002
-4.41888
-4.41451
-4.42543
-4.45373
-4.49726
-4.54325
-4.57969
-4.60155
-4.60536
-4.59514
-4.57329
-4.5449
-4.51372
-4.48629
-4.46512
-4.44825
-4.43265
-4.41485
-4.39742
-4.38684
-4.38179
-4.37464
-4.36109
-4.34028
-4.31599
-4.29112
-4.26224
-4.2285
-4.20061
-4.18815
-4.20019
-4.2425
-4.30884
-4.38904
-4.46687
-4.52886
-4.56977
-4.59071
-4.59721
-4.59352
-4.58601
-4.58177
-4.58312
-4.58891
-4.60036
-4.61064
-4.62194
-4.63577
-4.64812
-4.6592
-4.66014
-4.65407
-4.64883
-4.66111
-4.6857
-4.70612
-4.71557
-4.71399
-4.70366
-4.69182
-4.67727
-4.6623
-4.64884
-4.63511
-4.62504
-4.61426
-4.59983
-4.57795
-4.54733
-4.51201
-4.47303
-4.43722
-4.4066
-4.38328
-4.36529
-4.34591
-4.31915
-4.28541
-4.25106
-4.22135
-4.1974
-4.17975
-4.17502
-4.19249
-4.23325
-4.28694
-4.34323
-4.39304
-4.43014
-4.45206
-4.45918
-4.45534
-4.44783
-4.445
-4.45074
-4.46583
-4.48491
-4.50015
-4.50342
-4.49724
-4.48472
-4.47071
-4.45941
-4.4515
-4.44869
-4.4499
-4.45116
-4.44657
-4.43444
-4.41855
-4.40189
-4.38696
-4.37096
-4.36284
-4.37601
-4.41885
-4.47464
-4.52402
-4.56068
-4.58164
-4.58702
-4.57868
-4.56519
-4.55254
-4.54281
-4.53121
-4.51498
-4.49532
-4.47603
-4.45817
-4.44299
-4.42497
-4.4054
-4.38717
-4.37649
-4.37908
-4.39315
-4.41295
-4.42771
-4.43034
-4.42104
-4.40786
-4.39461
-4.38399
-4.37846
-4.38406
-4.40233
-4.43198
-4.46381
-4.4925
-4.51721
-4.53988
-4.55596
-4.56043
-4.55081
-4.52324
-4.4816
-4.43358
-4.38889
-4.35881
-4.34482
-4.34537
-4.34974
-4.35385
-4.35293
-4.34892
-4.34285
-4.33223
-4.31551
-4.29739
-4.28311
-4.28207
-4.30049
-4.34047
-4.39314
-4.44069
-4.47076
-4.48389
-4.49112
-4.50479
-4.53078
-4.57009
-4.61598
-4.66229
-4.70811
-4.75364
-4.79366
-4.82705
-4.84994
-4.85804
-4.84917
-4.82012
-4.77538
-4.72039
-4.66326
-4.60863
-4.56448
-4.53669
-4.53142
-4.55176
-4.58768
-4.62822
-4.66503
-4.69785
-4.72226
-4.73402
-4.72407
-4.68806
-4.62604
-4.55159
-4.48305
-4.43678
-4.42033
-4.43267
-4.46572
-4.49996
-4.52068
-4.52703
-4.52906
-4.53637
-4.55614
-4.58383
-4.61
-4.62469
-4.62185
-4.60064
-4.56129
-4.50344
-4.42869
-4.34605
-4.25987
-4.1845
-4.13634
-4.13074
-4.16712
-4.21993
-4.26372
-4.28739
-4.29401
-4.29607
-4.30643
-4.33031
-4.36201
-4.3895
-4.40339
-4.39972
-4.38752
-4.37935
-4.38479
-4.40355
-4.43608
-4.4734
-4.5082
-4.53322
-4.54195
-4.5287
-4.49257
-4.44494
-4.39489
-4.35501
-4.32951
-4.32001
-4.32674
-4.34551
-4.37425
-4.40669
-4.4367
-4.45826
-4.4701
-4.48195
-4.50666
-4.54812
-4.59063
-4.61694
-4.61996
-4.60501
-4.58223
-4.56459
-4.55213
-4.53708
-4.51248
-4.48044
-4.44576
-4.41589
-4.39035
-4.36619
-4.34803
-4.33888
-4.34296
-4.35948
-4.38483
-4.4138
-4.44085
-4.46547
-4.48573
-4.50325
-4.51458
-4.52303
-4.52793
-4.5363
-4.55238
-4.57964
-4.61177
-4.64232
-4.66098
-4.66504
-4.65041
-4.61931
-4.57815
-4.53494
-4.50121
-4.4835
-4.48036
-4.48728
-4.4978
-4.51018
-4.52161
-4.53015
-4.53578
-4.53648
-4.52763
-4.50838
-4.48643
-4.46289
-4.44101
-4.42204
-4.4051
-4.39089
-4.38059
-4.37266
-4.36289
-4.34619
-4.3227
-4.29543
-4.27309
-4.2666
-4.28115
-4.31389
-4.3543
-4.39285
-4.41923
-4.4376
-4.4511
-4.46509
-4.4853
-4.50798
-4.53032
-4.5468
-4.55602
-4.55692
-4.5549
-4.55189
-4.54849
-4.54422
-4.53269
-4.51306
-4.48543
-4.45616
-4.43222
-4.41443
-4.39985
-4.37672
-4.34334
-4.30961
-4.29358
-4.29752
-4.31667
-4.34874
-4.39313
-4.44862
-4.50824
-4.55977
-4.59626
-4.61554
-4.61594
-4.60304
-4.57913
-4.54449
-4.50531
-4.46167
-4.41832
-4.37749
-4.34282
-4.32148
-4.31544
-4.32158
-4.33272
-4.34167
-4.34364
-4.34454
-4.35707
-4.38694
-4.42517
-4.45981
-4.48199
-4.4871
-4.47544
-4.44808
-4.41012
-4.36535
-4.31598
-4.26172
-4.21161
-4.19213
-4.219
-4.28738
-4.36708
-4.43848
-4.49262
-4.52896
-4.55029
-4.55898
-4.55968
-4.555
-4.54451
-4.52845
-4.51173
-4.50201
-4.50215
-4.50586
-4.49893
-4.47556
-4.43993
-4.39891
-4.36174
-4.33853
-4.3406
-4.36667
-4.40703
-4.45139
-4.4906
-4.51848
-4.52879
-4.52226
-4.49702
-4.45766
-4.40888
-4.35836
-4.31538
-4.28937
-4.28748
-4.31553
-4.36577
-4.42691
-4.48712
-4.53671
-4.57467
-4.60353
-4.62372
-4.62976
-4.61941
-4.58982
-4.54567
-4.49683
-4.4525
-4.42418
-4.41521
-4.42229
-4.43728
-4.45192
-4.46484
-4.47851
-4.49808
-4.52401
-4.55173
-4.57173
-4.58075
-4.57908
-4.57205
-4.56305
-4.5537
-4.54155
-4.53266
-4.53668
-4.55394
-4.57502
-4.58333
-4.56307
-4.51583
-4.45147
-4.39311
-4.36057
-4.35709
-4.37686
-4.41164
-4.45522
-4.50072
-4.53958
-4.57047
-4.59397
-4.61141
-4.6226
-4.63024
-4.63221
-4.63232
-4.62614
-4.61635
-4.59925
-4.5816
-4.56823
-4.5647
-4.57235
-4.5882
-4.60469
-4.61251
-4.60763
-4.58576
-4.54567
-4.49331
-4.43594
-4.39034
-4.365
-4.36545
-4.3828
-4.40585
-4.41944
-4.41361
-4.393
-4.37457
-4.37086
-4.38613
-4.40997
-4.4347
-4.45746
-4.47566
-4.48935
-4.50254
-4.51383
-4.52208
-4.52624
-4.52603
-4.52037
-4.51095
-4.49391
-4.47247
-4.45093
-4.43302
-4.4206
-4.40978
-4.39611
-4.37657
-4.35178
-4.31966
-4.28666
-4.25326
-4.2258
-4.20443
-4.19261
-4.19118
-4.19952
-4.21657
-4.24255
-4.27463
-4.31233
-4.35467
-4.39797
-4.43863
-4.4745
-4.49779
-4.51196
-4.51355
-4.50382
-4.4835
-4.45449
-4.41889
-4.38845
-4.37172
-4.37401
-4.39532
