1.40572
1.39173
1.3527
1.29089
1.2126
1.1279
1.04865
0.984967
0.942641
0.922705
0.92284
0.939056
0.967147
1.00334
1.04401
1.08513
1.12217
1.15074
1.16757
1.1711
1.16136
1.13975
1.10889
1.07251
1.03509
1.00124
0.974731
0.957745
0.95065
0.952289
0.960645
0.973213
0.987324
1.00044
1.01058
1.01684
1.01955
1.02017
1.02091
1.02403
1.03121
1.04309
1.05902
1.07708
1.09463
1.10899
1.11821
1.12134
1.11822
1.10903
1.09417
1.07459
1.05229
1.03029
1.01201
1.00001
0.994989
0.995886
1.00091
1.00859
1.01818
1.0293
1.04155
1.05454
1.06801
1.08189
1.09592
1.10928
1.12074
1.12903
1.13329
1.13346
1.13039
1.12542
1.11975
1.11398
1.10845
1.10372
1.10062
1.09976
1.10089
1.10247
1.1019
1.09661
1.08551
1.06964
1.05142
1.03321
1.01667
1.00289
0.992731
0.986809
0.985372
0.988394
0.995674
1.00668
1.02016
1.03428
1.04723
1.39935
1.40154
1.39179
1.37206
1.34596
1.31841
1.29524
1.28095
1.27579
1.27525
1.2728
1.2634
1.24576
1.22271
1.19985
1.18217
1.17159
1.16748
1.16961
1.17863
1.1929
1.20799
1.22006
1.22829
1.23433
1.23988
1.24516
1.24854
1.24797
1.24296
1.23526
1.22713
1.21936
1.21178
1.20524
1.20191
1.20399
1.21212
1.22515
1.24116
1.25844
1.27554
1.2908
1.30221
1.30801
1.30807
1.30424
1.29937
1.29539
1.29215
1.28812
1.28151
1.27134
1.25714
1.23881
1.21689
1.19282
1.16855
1.14652
1.13057
1.12671
1.14118
1.17548
1.22261
1.27067
1.30977
1.33578
1.34941
1.35383
1.3529
1.34953
1.34513
1.34002
1.33438
1.32844
1.32234
1.31578
1.3077
1.29702
1.28344
1.26781
1.25161
1.23573
1.22026
1.20507
1.1907
1.1785
1.16976
1.16484
1.16315
1.16431
1.16878
1.17713
1.18874
1.20129
1.21151
1.2164
1.21436
1.20605
1.19436
1.18369
1.1784
1.18111
1.19162
1.2074
1.22514
1.24213
1.25692
1.26937
1.28048
1.29187
1.30521
1.32103
1.33759
1.35085
1.35626
1.35084
1.33477
1.31146
1.28682
1.26761
1.25908
1.26303
1.27707
1.29565
1.31191
1.31937
1.31355
1.293
1.25929
1.21655
1.17094
1.13032
1.1029
1.09472
1.10662
1.13452
1.17249
1.21546
1.25969
1.30195
1.33887
1.36719
1.38438
1.38968
1.3848
1.37323
1.35849
1.34255
1.32572
1.30742
1.28733
1.26563
1.24326
1.22201
1.20427
1.19214
1.18658
1.18705
1.19171
1.19797
1.20344
1.20653
1.20679
1.20452
1.2004
1.19567
1.19229
1.19257
1.19773
1.207
1.21795
1.22764
1.23427
1.23843
1.24318
1.25192
1.26541
1.28102
1.29427
1.30132
1.30058
1.29279
1.28022
1.26535
1.2502
1.23664
1.2268
1.22283
1.22586
1.23504
1.24791
1.26141
1.27269
1.27986
1.28216
1.27988
1.27457
1.269
1.26618
1.39979
1.39926
1.39438
1.38422
1.37071
1.35726
1.34642
1.33853
1.33204
1.32535
1.31829
1.31239
1.30989
1.31232
1.3194
1.32863
1.33659
1.34067
1.34019
1.33639
1.33223
1.33126
1.33548
1.34441
1.35572
1.36642
1.37366
1.37562
1.37225
1.36571
1.35956
1.35655
1.35636
1.35578
1.351
1.3401
1.32382
1.30514
1.28814
1.27708
1.27454
1.27965
1.28848
1.29673
1.30194
1.30476
1.30834
1.3161
1.3296
1.34818
1.36986
1.39216
1.41227
1.42678
1.43145
1.42173
1.39407
1.34739
1.28473
1.21381
1.14655
1.09625
1.0734
1.08177
1.11766
1.17218
1.23494
1.29655
1.35022
1.39217
1.42097
1.43653
1.4393
1.43034
1.41206
1.38859
1.36508
1.3459
1.33339
1.32836
1.33106
1.34127
1.35767
1.37763
1.39763
1.41378
1.42271
1.42309
1.41662
1.40726
1.39874
1.39231
1.38625
1.37774
1.36529
1.35035
1.33576
1.32267
1.30906
1.29149
1.26766
1.2375
1.20295
1.1685
1.14146
1.13052
1.14141
1.17256
1.21515
1.25775
1.29138
1.31149
1.31744
1.31155
1.29835
1.28379
1.27378
1.27259
1.28203
1.30143
1.32837
1.3594
1.39036
1.41698
1.43519
1.44186
1.43608
1.41997
1.39815
1.37536
1.3544
1.33636
1.32219
1.31361
1.31268
1.32073
1.33728
1.35957
1.38327
1.40383
1.41803
1.42467
1.42453
1.42012
1.41412
1.40781
1.40055
1.39064
1.37675
1.35895
1.33814
1.31493
1.28927
1.26132
1.23311
1.20946
1.19717
1.20184
1.22347
1.25631
1.29259
1.32596
1.35281
1.37161
1.38202
1.38426
1.37991
1.37213
1.36381
1.3559
1.34795
1.33989
1.33206
1.32389
1.31314
1.29648
1.27142
1.23788
1.19942
1.16289
1.13667
1.12791
1.13986
1.17025
1.21247
1.25845
1.3013
1.33671
1.36291
1.37974
1.38821
1.3902
1.38848
1.38645
1.38761
1.39485
1.40896
1.42747
1.44472
1.4541
1.40036
1.38661
1.36809
1.35041
1.33722
1.33107
1.33347
1.34397
1.35978
1.3767
1.3903
1.39639
1.391
1.37097
1.33578
1.29003
1.24392
1.20784
1.18512
1.17183
1.16316
1.1576
1.157
1.16405
1.17906
1.19887
1.21823
1.23259
1.24003
1.24183
1.2418
1.244
1.2503
1.25942
1.2675
1.27006
1.26454
1.2528
1.24178
1.23983
1.25092
1.27209
1.29631
1.31736
1.33284
1.34417
1.35436
1.36497
1.37555
1.38482
1.39132
1.39355
1.39067
1.38355
1.37496
1.3681
1.36524
1.36747
1.37449
1.38383
1.39089
1.39101
1.38161
1.36243
1.33448
1.2986
1.2556
1.20765
1.15927
1.11721
1.08866
1.07935
1.09176
1.12421
1.17155
1.22656
1.28167
1.3303
1.3677
1.3912
1.40017
1.39573
1.38049
1.35799
1.33235
1.30802
1.28908
1.27839
1.27686
1.28351
1.29634
1.31293
1.33058
1.3462
1.35688
1.36093
1.35848
1.35148
1.34296
1.33577
1.33128
1.32926
1.32847
1.32744
1.32499
1.32053
1.31465
1.30895
1.30505
1.30298
1.30051
1.294
1.27999
1.25691
1.22608
1.19155
1.15817
1.13006
1.11001
1.09985
1.10092
1.11405
1.13841
1.17045
1.20456
1.23523
1.25872
1.27321
1.27804
1.27329
1.26028
1.24216
1.22363
1.20916
1.20145
1.20078
1.20617
1.21663
1.23193
1.25263
1.27967
1.31346
1.3524
1.39206
1.42647
1.45081
1.46365
1.46715
1.46583
1.46444
1.46558
1.46867
1.4711
1.47029
1.46476
1.45365
1.4359
1.4103
1.37686
1.33788
1.29867
1.26718
1.25083
1.2518
1.26502
1.28122
1.29211
1.29358
1.28593
1.27212
1.25585
1.24046
1.22891
1.22351
1.22532
1.23342
1.2452
1.2578
1.26919
1.27864
1.28616
1.29216
1.29712
1.30134
1.30451
1.30577
1.30429
1.30006
1.29379
1.28626
1.27737
1.26627
1.25239
1.23712
1.2242
1.21824
1.22184
1.23373
1.24922
1.26282
1.39967
1.39817
1.39098
1.38434
1.38263
1.3854
1.38849
1.38739
1.37996
1.3674
1.35329
1.34146
1.33439
1.33312
1.33779
1.348
1.36255
1.37958
1.39732
1.41461
1.43059
1.4442
1.45447
1.46116
1.46462
1.46512
1.46293
1.45888
1.45436
1.45038
1.44627
1.43963
1.42722
1.40651
1.37666
1.33857
1.29484
1.25064
1.21355
1.18927
1.17716
1.17144
1.16657
1.16107
1.15774
1.16183
1.17817
1.20824
1.2484
1.29072
1.3262
1.34816
1.35424
1.3467
1.33135
1.31546
1.30534
1.30458
1.31387
1.33203
1.35691
1.38575
1.41571
1.44412
1.46844
1.48566
1.49247
1.48707
1.4705
1.4468
1.42144
1.39927
1.38275
1.37129
1.36184
1.35085
1.33657
1.32031
1.30567
1.29659
1.2953
1.30193
1.31562
1.33549
1.3608
1.39037
1.42185
1.45215
1.47837
1.49893
1.51322
1.52042
1.51874
1.50649
1.48357
1.45146
1.41271
1.37053
1.3288
1.29197
1.26465
1.25012
1.24873
1.2576
1.27178
1.28607
1.29652
1.30106
1.29994
1.29563
1.29233
1.29441
1.30463
1.32236
1.34372
1.36338
1.37659
1.38094
1.37767
1.3713
1.36722
1.3684
1.37367
1.37947
1.38372
1.38684
1.38964
1.39192
1.39333
1.39422
1.39541
1.3982
1.4045
1.41625
1.43355
1.45301
1.46862
1.47447
1.46713
1.44661
1.41574
1.37902
1.34149
1.30799
1.282
1.2644
1.25395
1.24938
1.25086
1.25924
1.27457
1.29549
1.3196
1.34429
1.36764
1.38885
1.40762
1.42321
1.43412
1.43895
1.43699
1.42846
1.41441
1.39623
1.37563
1.35477
1.3363
1.32288
1.31601
1.31507
1.31741
1.3192
1.31685
1.30821
1.29358
1.27587
1.25961
1.24907
1.24657
1.2523
1.26481
1.28184
1.30104
1.32053
1.33975
1.3594
1.38082
1.40465
1.43012
1.45499
1.47607
1.48964
1.49186
1.47967
1.45186
1.40993
1.35857
1.30567
1.26079
1.23158
1.22027
1.22331
1.23519
1.25324
1.27869
1.31333
1.35575
1.40101
1.44307
1.47703
1.50048
1.51325
1.51642
1.51086
1.49631
1.47191
1.43753
1.39499
1.34815
1.30205
1.26173
1.23133
1.21384
1.21163
1.22692
1.2599
1.30553
1.35379
1.39454
1.4217
1.43394
1.43369
1.42593
1.41685
1.41187
1.41292
1.41793
1.42362
1.42866
1.43392
1.44022
1.44646
1.44945
1.44535
1.43118
1.4061
1.37286
1.33876
1.31428
1.30779
1.32017
1.34578
1.37703
1.40721
1.43143
1.44671
1.45166
1.44591
1.42972
1.40417
1.37163
1.33634
1.30417
1.28108
1.27117
1.27567
1.2932
1.32046
1.3532
1.38743
1.42079
1.4525
1.48187
1.50642
1.52171
1.52244
1.50436
1.46611
1.41029
1.34349
1.27545
1.21775
1.18119
1.17206
1.18912
1.22392
1.26472
1.30151
1.32842
1.34306
1.34501
1.33559
1.31824
1.29827
1.28164
1.27346
1.27661
1.29079
1.3134
1.3411
1.37126
