-6.81513
-6.79318
-6.73463
-6.64417
-6.52478
-6.39644
-6.2769
-6.18137
-6.11756
-6.09025
-6.08981
-6.11478
-6.1566
-6.21154
-6.2693
-6.32905
-6.38493
-6.43006
-6.45499
-6.46092
-6.44761
-6.4139
-6.36954
-6.31561
-6.26045
-6.20936
-6.17088
-6.14475
-6.13379
-6.13431
-6.14555
-6.16569
-6.18816
-6.20686
-6.22206
-6.2321
-6.23488
-6.23645
-6.23755
-6.24029
-6.25301
-6.27051
-6.29569
-6.32344
-6.34814
-6.36936
-6.38352
-6.38756
-6.38612
-6.37492
-6.35165
-6.321
-6.28722
-6.25324
-6.22776
-6.21008
-6.19964
-6.20099
-6.20918
-6.21941
-6.23216
-6.24949
-6.26787
-6.28736
-6.30561
-6.32774
-6.35104
-6.36946
-6.38568
-6.39844
-6.40516
-6.40703
-6.40016
-6.3927
-6.38582
-6.37587
-6.36887
-6.36145
-6.35712
-6.35421
-6.35397
-6.35958
-6.35807
-6.34884
-6.33414
-6.30969
-6.28267
-6.25341
-6.22666
-6.20729
-6.19237
-6.18252
-6.18101
-6.18586
-6.19614
-6.21103
-6.23157
-6.2534
-6.2725
-6.28923
-6.29457
-6.27897
-6.25002
-6.21151
-6.17083
-6.13478
-6.11302
-6.10463
-6.10383
-6.09952
-6.08639
-6.05895
-6.02535
-5.99105
-5.96518
-5.94996
-5.94477
-5.94894
-5.96246
-5.98387
-6.00456
-6.02331
-6.03373
-6.04536
-6.05337
-6.06097
-6.06668
-6.06487
-6.05573
-6.04774
-6.03652
-6.02389
-6.01317
-6.00336
-5.99868
-6.00213
-6.01271
-6.03258
-6.05692
-6.08024
-6.10687
-6.12977
-6.14494
-6.15397
-6.15277
-6.14442
-6.1355
-6.12856
-6.12467
-6.12024
-6.10904
-6.09475
-6.07475
-6.04661
-6.01437
-5.97859
-5.94349
-5.9098
-5.88391
-5.87683
-5.90048
-5.9529
-6.02328
-6.09603
-6.15533
-6.19306
-6.21381
-6.21849
-6.21969
-6.2169
-6.21192
-6.20393
-6.19418
-6.18591
-6.1758
-6.16595
-6.15351
-6.13588
-6.11712
-6.09659
-6.0739
-6.0517
-6.02883
-6.00799
-5.98611
-5.9678
-5.95404
-5.94732
-5.94445
-5.9436
-5.94934
-5.96122
-5.97961
-5.99746
-6.0128
-6.01948
-6.01546
-6.00233
-5.98544
-5.96878
-5.95956
-5.96233
-5.97809
-6.00273
-6.02902
-6.05937
-6.07928
-6.09958
-6.11818
-6.13559
-6.15528
-6.17771
-6.20191
-6.22084
-6.22961
-6.22018
-6.19315
-6.15818
-6.11992
-6.09077
-6.07764
-6.08357
-6.10658
-6.13543
-6.1634
-6.17718
-6.16747
-6.13827
-6.08738
-6.02326
-5.95225
-5.89163
-5.84986
-5.83467
-5.8522
-5.89504
-5.95231
-6.01677
-6.08311
-6.14521
-6.20156
-6.246
-6.2721
-6.27843
-6.26949
-6.25245
-6.23066
-6.20708
-6.18021
-6.15438
-6.12651
-6.09462
-6.06203
-6.03015
-6.00159
-5.98341
-5.97572
-5.97674
-5.98341
-5.99281
-6.00166
-6.00597
-6.00733
-6.00101
-5.9971
-5.98935
-5.98525
-5.98794
-5.99536
-6.00959
-6.02601
-6.04185
-6.05179
-6.05544
-6.06224
-6.07534
-6.09428
-6.11479
-6.13596
-6.14719
-6.14672
-6.1331
-6.11488
-6.09258
-6.06824
-6.04725
-6.03183
-6.0262
-6.03042
-6.04387
-6.0635
-6.08343
-6.09937
-6.11144
-6.11197
-6.11082
-6.10608
-6.09643
-6.09349
-6.09448
-6.09416
-6.08425
-6.07095
-6.05166
-6.0344
-6.01749
-6.00403
-5.99463
-5.98362
-5.97271
-5.96353
-5.96139
-5.96343
-5.97307
-5.9879
-5.99887
-6.00563
-6.00362
-5.99693
-5.98907
-5.99021
-5.99752
-6.00833
-6.02594
-6.04037
-6.05059
-6.05418
-6.04879
-6.03995
-6.03105
-6.02912
-6.02917
-6.0283
-6.01919
-6.00381
-5.97938
-5.95038
-5.92521
-5.90862
-5.90449
-5.91183
-5.92217
-5.93487
-5.94268
-5.9508
-5.95455
-5.96683
-5.98804
-6.01624
-6.04974
-6.08352
-6.11271
-6.13415
-6.14439
-6.12917
-6.08737
-6.01573
-5.92075
-5.81437
-5.71379
-5.63898
-5.60793
-5.62017
-5.67563
-5.75807
-5.85124
-5.94529
-6.02449
-6.08743
-6.12965
-6.15235
-6.15488
-6.13982
-6.11402
-6.07686
-6.04192
-6.01412
-5.99601
-5.98619
-5.99121
-6.00718
-6.03275
-6.06043
-6.08882
-6.11369
-6.12741
-6.12831
-6.12086
-6.10519
-6.09436
-6.0844
-6.07467
-6.06221
-6.04257
-6.01951
-5.99698
-5.98026
-5.96018
-5.93446
-5.89775
-5.85218
-5.80198
-5.7503
-5.71135
-5.69429
-5.70965
-5.75508
-5.81963
-5.8816
-5.93172
-5.96026
-5.96984
-5.96132
-5.94216
-5.92226
-5.9095
-5.90609
-5.91702
-5.9458
-5.98589
-6.03178
-6.07823
-6.12012
-6.14775
-6.15775
-6.14941
-6.12589
-6.09347
-6.05897
-6.02688
-5.99755
-5.97564
-5.96601
-5.96397
-5.97409
-5.99828
-6.03495
-6.0718
-6.10071
-6.12136
-6.13326
-6.13208
-6.12481
-6.11354
-6.10375
-6.09384
-6.08157
-6.06137
-6.03467
-6.00184
-5.968
-5.92854
-5.88725
-5.84364
-5.80848
-5.79133
-5.79834
-5.82983
-5.87845
-5.93514
-5.98617
-6.02807
-6.05497
-6.07252
-6.07912
-6.07001
-6.0593
-6.0478
-6.03561
-6.02077
-6.00641
-5.99466
-5.98209
-5.96661
-5.94066
-5.90372
-5.85211
-5.79441
-5.73799
-5.69768
-5.68647
-5.70408
-5.75001
-5.81269
-5.88135
-5.94692
-6.00068
-6.04029
-6.06489
-6.07663
-6.07863
-6.07347
-6.07333
-6.07604
-6.08625
-6.10646
-6.1339
-6.16139
-6.17775
-6.17274
-6.15012
-6.12428
-6.09807
-6.07991
-6.0736
-6.07947
-6.09522
-6.11829
-6.14206
-6.15955
-6.16772
-6.15834
-6.12764
-6.07388
-6.00557
-5.93769
-5.88325
-5.84787
-5.82665
-5.81494
-5.80627
-5.80635
-5.81692
-5.83976
-5.8698
-5.90013
-5.92104
-5.9296
-5.93262
-5.93484
-5.93878
-5.95018
-5.95997
-5.97339
-5.97756
-5.97089
-5.95231
-5.93578
-5.93317
-5.94754
-5.97898
-6.01596
-6.04592
-6.06914
-6.08711
-6.10303
-6.11764
-6.13417
-6.14775
-6.15848
-6.1615
-6.15782
-6.14843
-6.13523
-6.12526
-6.11741
-6.12139
-6.1329
-6.14658
-6.15588
-6.1564
-6.14034
-6.11255
-6.07061
-6.01744
-5.95619
-5.88425
-5.80942
-5.74761
-5.70479
-5.69341
-5.71169
-5.76038
-5.83204
-5.91425
-5.99464
-6.06953
-6.12498
-6.15991
-6.17239
-6.16573
-6.14157
-6.10813
-6.07065
-6.03286
-6.00801
-5.98906
-5.98514
-5.9948
-6.01469
-6.03894
-6.06671
-6.09078
-6.10745
-6.11288
-6.10823
-6.09805
-6.08689
-6.07643
-6.06872
-6.06635
-6.06516
-6.0633
-6.06091
-6.05423
-6.04734
-6.03912
-6.03164
-6.02789
-6.02258
-6.00958
-5.98889
-5.95394
-5.90544
-5.85396
-5.80259
-5.76041
-5.73131
-5.71704
-5.71962
-5.74028
-5.77812
-5.82781
-5.88027
-5.92758
-5.96345
-5.98585
-5.99115
-5.98305
-5.9632
-5.93862
-5.91178
-5.88683
-5.87236
-5.87169
-5.87815
-5.89351
-5.91614
-5.94848
-5.99066
-6.04134
-6.09749
-6.15666
-6.21119
-6.25095
-6.26826
-6.27513
-6.27477
-6.27171
-6.27277
-6.27708
-6.27943
-6.27563
-6.26766
-6.25132
-6.22469
-6.18694
-6.1358
-6.07571
-6.01624
-5.97094
-5.94609
-5.94853
-5.96966
-5.99267
-6.00869
-6.01218
-6.0007
-5.98063
-5.9533
-5.93216
-5.91483
-5.90867
-5.90848
-5.91965
-5.93895
-5.95883
-5.97624
-5.99041
-6.0004
-6.00906
-6.01651
-6.02349
-6.02728
-6.02916
-6.02662
-6.0206
-6.01119
-6.00184
-5.98851
-5.97412
-5.95362
-5.93136
-5.91263
-5.90465
-5.91136
-5.92952
-5.95017
-5.97219
-5.98237
-5.98047
-5.96838
-5.95647
-5.95424
-5.96035
-5.96498
-5.96365
-5.95057
-5.92946
-5.90765
-5.8899
-5.87832
-5.87868
-5.88828
-5.90294
-5.92509
-5.95128
-5.97854
-6.00578
-6.02941
-6.04951
-6.06265
-6.07107
-6.07594
-6.07701
-6.07308
-6.06667
-6.0599
-6.05522
-6.04938
-6.03845
-6.02081
-5.98749
-5.94173
-5.8846
-5.81738
-5.75462
-5.69996
-5.66387
-5.64473
-5.63551
-5.62821
-5.62092
-5.61626
-5.62239
-5.64819
-5.69233
-5.75063
-5.81315
-5.86702
-5.90159
-5.91329
-5.90101
-5.87927
-5.85608
-5.83992
-5.8391
-5.84981
-5.87413
-5.9121
-5.95698
-6.00031
-6.04324
-6.08102
-6.10717
-6.11708
-6.10897
-6.08378
-6.04823
-6.00955
-5.97467
-5.94892
-5.93206
-5.91724
-5.89913
-5.87675
-5.85202
-5.83104
-5.82098
-5.81937
-5.8306
-5.8518
-5.88128
-5.92119
-5.96554
-6.01179
-6.05724
-6.09561
-6.12579
-6.14594
-6.15804
-6.15454
-6.1365
-6.0992
-6.05104
-5.99322
-5.93125
-5.8693
-5.81147
-5.77048
-5.75063
-5.75113
-5.76543
-5.78572
-5.80683
-5.82543
-5.83256
-5.82959
-5.82409
-5.81687
-5.82129
-5.83629
-5.86385
-5.89557
-5.92604
-5.94488
-5.95077
-5.9452
-5.93501
-5.92823
-5.93
-5.93856
-5.94694
-5.95397
-5.95798
-5.96283
-5.96625
-5.96449
-5.96582
-5.96857
-5.97308
-5.9835
-6.00176
-6.02837
-6.0566
-6.07872
-6.09008
-6.07908
-6.05023
-6.00328
-5.9495
-5.89416
-5.84262
-5.80363
-5.77853
-5.75961
-5.7547
-5.75596
-5.76852
-5.79087
-5.82354
-5.86036
-5.89837
-5.9334
-5.96391
-5.99272
-6.01707
-6.03312
-6.0423
-6.04131
-6.02884
-6.01067
-5.98179
-5.94958
-5.91862
-5.88864
-5.86625
-5.85497
-5.85259
-5.8561
-5.86171
-5.85883
-5.84522
-5.82199
-5.79444
-5.76714
-5.74905
-5.7479
-5.75713
-5.77816
-5.80534
-5.83543
-5.86467
-5.89317
-5.92233
-5.95252
-5.98599
-6.02387
-6.06054
-6.09021
-6.11057
-6.1152
-6.09724
-6.05617
-5.9923
-5.91429
-5.83557
-5.76728
-5.72379
-5.70714
-5.71236
-5.73018
-5.76082
-5.79672
-5.84997
-5.91393
-5.98118
-6.04266
-6.09619
-6.13234
-6.15247
-6.15852
-6.14758
-6.12608
-6.08981
-6.0405
-5.97475
-5.9019
-5.8321
-5.77064
-5.72472
-5.69816
-5.69483
-5.71551
-5.76466
-5.83344
-5.9068
-5.96859
-6.00934
-6.02963
-6.0286
-6.01631
-6.00139
-5.99327
-5.9942
-6.00365
-6.01187
-6.0191
-6.02666
-6.03579
-6.04418
-6.04706
-6.04156
-6.02321
-5.9856
-5.93573
-5.88393
-5.8472
-5.83876
-5.85701
-5.89576
-5.94264
-5.98597
-6.02035
-6.0436
-6.05102
-6.04305
-6.02103
-5.9827
-5.93323
-5.8816
-5.83107
-5.79675
-5.78253
-5.79091
-5.81753
-5.85907
-5.90948
-5.95856
-6.00989
-6.05908
-6.10314
-6.14191
-6.16646
-6.16627
-6.13883
-6.08243
-5.99837
-5.89751
-5.79447
-5.70661
-5.65274
-5.63743
-5.66109
-5.7133
-5.77094
-5.82937
-5.86909
-5.89137
-5.89365
-5.87919
-5.85317
-5.82515
-5.80084
-5.78987
-5.7933
-5.81424
-5.84687
-5.89004
-5.93236
