-4.70655
-4.70558
-4.70558
-4.70784
-4.70589
-4.70458
-4.70393
-4.70392
-4.7036
-4.70619
-4.70555
-4.7062
-4.70588
-4.70653
-4.70329
-4.70135
-4.70168
-4.70395
-4.70363
-4.70427
-4.70556
-4.70427
-4.70621
-4.70685
-4.70782
-4.70749
-4.70878
-4.70813
-4.70781
-4.70587
-4.70458
-4.70587
-4.70717
-4.7062
-4.7062
-4.70685
-4.70555
-4.7062
-4.70619
-4.70425
-4.70619
-4.70587
-4.70716
-4.70781
-4.7062
-4.70587
-4.7062
-4.70555
-4.70879
-4.71138
-4.7104
-4.70911
-4.70878
-4.70781
-4.70975
-4.71007
-4.70716
-4.70716
-4.70781
-4.70652
-4.7049
-4.70555
-4.70554
-4.70554
-4.7036
-4.7049
-4.70716
-4.70554
-4.70457
-4.7049
-4.70522
-4.70684
-4.70457
-4.70457
-4.70619
-4.7049
-4.70619
-4.70587
-4.70619
-4.70457
-4.70263
-4.70587
-4.70522
-4.70393
-4.70587
-4.70522
-4.70554
-4.7036
-4.70166
-4.70295
-4.70327
-4.7023
-4.70295
-4.70327
-4.70263
-4.70101
-4.70133
-4.70198
-4.70166
-4.1902
-4.19226
-4.19128
-4.19193
-4.19257
-4.19321
-4.19192
-4.19159
-4.19095
-4.19096
-4.19031
-4.19129
-4.19031
-4.19128
-4.19128
-4.19192
-4.19257
-4.19355
-4.19452
-4.19452
-4.19452
-4.19258
-4.19323
-4.19129
-4.19387
-4.19355
-4.19322
-4.19387
-4.19291
-4.19129
-4.19485
-4.19582
-4.19485
-4.1955
-4.19549
-4.19582
-4.19614
-4.19453
-4.19485
-4.19518
-4.19259
-4.19356
-4.19357
-4.19163
-4.19195
-4.19066
-4.18806
-4.18644
-4.18547
-4.18644
-4.18806
-4.18677
-4.18775
-4.18904
-4.1884
-4.18904
-4.18937
-4.19066
-4.19001
-4.18806
-4.18676
-4.1887
-4.18968
-4.18937
-4.19003
-4.19068
-4.18938
-4.1897
-4.18775
-4.19034
-4.19261
-4.19422
-4.1939
-4.1926
-4.19325
-4.19228
-4.19228
-4.19196
-4.19034
-4.19196
-4.19487
-4.19649
-4.19811
-4.19844
-4.20038
-4.20005
-4.20005
-4.19941
-4.20006
-4.19973
-4.19714
-4.19617
-4.19552
-4.1965
-4.19553
-4.19553
-4.19489
-4.19392
-4.19327
-4.19391
-4.19325
-4.19195
-4.19066
-4.19066
-4.19164
-4.19131
-4.19617
-4.19391
-4.19552
-4.19746
-4.19778
-4.19746
-4.19617
-4.19553
-4.19456
-4.19521
-4.19391
-4.191
-4.19099
-4.18969
-4.18936
-4.18903
-4.18903
-4.19098
-4.19196
-4.19553
-4.19812
-4.19715
-4.19877
-4.19844
-4.19844
-4.19584
-4.19616
-4.19551
-4.19259
-4.19227
-4.19325
-4.19357
-4.19358
-4.19358
-4.19229
-4.19326
-4.1952
-4.19553
-4.19391
-4.19229
-4.19261
-4.19293
-4.19325
-4.19163
-4.19325
-4.19552
-4.19617
-4.19714
-4.19714
-4.19519
-4.19519
-4.19584
-4.19617
-4.19585
-4.19585
-4.1965
-4.19618
-4.19714
-4.19423
-4.1965
-4.19585
-4.19682
-4.19908
-4.19876
-4.19909
-4.19909
-4.20039
-4.20039
-4.19779
-4.19747
-4.19746
-4.19617
-4.19326
-4.19456
-4.19521
-4.19586
-4.19391
-4.19456
-4.19456
-4.19293
-4.19228
-4.19163
-4.19195
-4.19163
-4.19131
-4.19163
-4.19131
-4.19035
-4.19164
-4.18873
-4.19099
-4.19423
-4.19293
-4.19422
-3.9948
-3.99527
-3.99268
-3.99462
-3.99559
-3.9985
-3.99786
-3.99624
-3.99657
-3.9956
-3.99527
-3.99494
-3.99656
-3.99494
-3.99397
-3.99495
-3.99398
-3.99463
-3.99333
-3.99236
-3.99073
-3.99332
-3.9943
-3.99171
-3.99236
-3.99074
-3.9901
-3.99075
-3.99042
-3.99139
-3.99171
-3.9943
-3.99462
-3.99463
-3.99268
-3.99365
-3.99365
-3.99268
-3.993
-3.993
-3.99268
-3.99236
-3.98945
-3.98977
-3.98977
-3.99366
-3.99203
-3.99268
-3.99365
-3.99397
-3.99494
-3.99527
-3.9943
-3.99398
-3.99722
-3.99658
-3.99626
-3.99464
-3.99366
-3.99365
-3.99396
-3.9946
-3.99784
-3.99752
-3.99914
-3.9998
-3.99884
-4.00046
-3.99917
-3.99917
-3.9982
-3.99755
-3.99593
-3.99431
-3.99593
-3.99398
-3.9943
-3.99527
-3.99592
-3.99365
-3.99462
-3.99527
-3.99625
-3.99398
-3.99237
-3.99302
-3.99335
-3.99367
-3.99593
-3.99431
-3.99625
-3.99593
-3.99528
-3.99561
-3.99464
-3.99398
-3.99334
-3.99625
-3.99658
-3.99723
-3.99626
-3.99593
-3.99755
-3.99755
-3.99916
-3.9985
-3.99753
-3.99625
-3.9969
-3.99497
-3.99465
-3.99303
-3.99368
-3.994
-3.99464
-3.99657
-3.99883
-3.99721
-3.99398
-3.99366
-3.99333
-3.99269
-3.99269
-3.99464
-3.99497
-3.99497
-3.99529
-3.99593
-3.99625
-3.99592
-3.99528
-3.99301
-3.99236
-3.9956
-3.99495
-3.99301
-3.99236
-3.9956
-3.9969
-3.99496
-3.99432
-3.99626
-3.99529
-3.99463
-3.99237
-3.99204
-3.99301
-3.99561
-3.99625
-3.99625
-3.99463
-3.9956
-3.99463
-3.99528
-3.99398
-3.99429
-3.99558
-3.99559
-3.99462
-3.99398
-3.99625
-3.99723
-3.99885
-3.99755
-3.9995
-4.00273
-4.00014
-4.00111
-4.00208
-4.00176
-3.99884
-3.99657
-3.99657
-3.99626
-3.99691
-3.99594
-3.99659
-3.99529
-3.99528
-3.99365
-3.99268
-3.99462
-3.9943
-3.99463
-3.99399
-3.99367
-3.99496
-3.99561
-3.99593
-3.99528
-3.99431
-3.99334
-3.99075
-3.99366
-3.99463
-3.99398
-3.99301
-3.99269
-3.99432
-3.99659
-4.0722
-4.0702
-4.07214
-4.07246
-4.07408
-4.07699
-4.07926
-4.07926
-4.07862
-4.077
-4.07409
-4.07313
-4.07184
-4.07119
-4.07021
-4.07053
-4.07181
-4.07149
-4.0702
-4.06891
-4.0702
-4.06988
-4.07084
-4.07084
-4.07117
-4.0715
-4.07279
-4.07215
-4.06956
-4.06988
-4.07214
-4.07278
-4.07472
-4.07084
-4.07214
-4.07247
-4.07409
-4.07311
-4.0731
-4.07342
-4.07116
-4.07084
-4.0715
-4.06988
-4.06988
-4.07085
-4.07149
-4.0702
-4.07084
-4.07052
-4.0715
-4.07117
-4.07182
-4.07311
-4.07278
-4.0731
-4.06954
-4.07019
-4.07116
-4.07084
-4.06955
-4.06988
-4.06793
-4.0689
-4.0689
-4.06955
-4.07279
-4.07278
-4.07051
-4.0718
-4.07179
-4.07438
-4.07406
-4.07406
-4.07472
-4.0744
-4.07214
-4.07408
-4.07344
-4.07311
-4.07214
-4.07214
-4.07084
-4.07116
-4.07213
-4.07083
-4.07439
-4.07147
-4.06986
-4.06953
-4.07018
-4.06954
-4.07084
-4.07149
-4.07214
-4.07149
-4.07052
-4.07084
-4.07245
-4.07277
-4.0718
-4.07246
-4.07246
-4.07213
-4.07343
-4.07343
-4.07537
-4.07569
-4.07408
-4.07343
-4.07181
-4.06858
-4.06891
-4.06858
-4.06631
-4.06663
-4.06533
-4.06533
-4.0663
-4.06727
-4.06824
-4.06921
-4.07051
-4.07213
-4.07343
-4.07473
-4.07538
-4.07603
-4.07409
-4.07312
-4.07279
-4.07537
-4.07634
-4.0731
-4.07019
-4.07051
-4.06889
-4.06857
-4.06825
-4.06954
-4.07116
-4.07116
-4.06889
-4.06857
-4.07149
-4.07473
-4.07279
-4.0744
-4.07602
-4.07504
-4.0744
-4.07407
-4.07278
-4.0702
-4.07052
-4.07084
-4.07084
-4.07149
-4.07052
-4.06889
-4.06824
-4.07017
-4.06985
-4.07082
-4.07212
-4.07084
-4.07052
-4.07181
-4.07181
-4.07245
-4.06953
-4.07147
-4.07147
-4.07341
-4.0705
-4.06953
-4.07115
-4.07212
-4.07245
-4.07245
-4.07115
-4.07083
-4.07083
-4.07148
-4.07051
-4.07051
-4.07018
-4.07051
-4.07051
-4.07245
-4.07245
-4.07472
-4.07504
-4.07569
-4.07633
-4.0773
-4.0786
-4.07892
-4.07634
-4.07796
-3.88288
-3.88321
-3.88191
-3.87997
-3.88029
-3.88224
-3.88225
-3.88257
-3.88063
-3.87836
-3.8777
-3.8777
-3.87673
-3.879
-3.88159
-3.88094
-3.88127
-3.88191
-3.88256
-3.88386
-3.88353
-3.88321
-3.88095
-3.87933
-3.87901
-3.87933
-3.87868
-3.87836
-3.87835
-3.87965
-3.87997
-3.87901
-3.87998
-3.87772
-3.87674
-3.87674
-3.87512
-3.87867
-3.87964
-3.87996
-3.879
-3.87835
-3.87835
-3.87932
-3.87964
-3.87964
-3.88093
-3.87996
-3.87803
-3.87707
-3.87772
-3.87935
-3.88193
-3.88096
-3.88224
-3.88288
-3.88191
-3.88223
-3.879
-3.87609
-3.87673
-3.87836
-3.87674
-3.87706
-3.87836
-3.87869
-3.87837
-3.87837
-3.87804
-3.87804
-3.87739
-3.87577
-3.8748
-3.87512
-3.87448
-3.87286
-3.87189
-3.87156
-3.87253
-3.87609
-3.87642
-3.87771
-3.87836
-3.87804
-3.87998
-3.87999
-3.87902
-3.87902
-3.87805
-3.8774
-3.87611
-3.87741
-3.87644
-3.87676
-3.87385
-3.87384
-3.87417
-3.87546
-3.8761
-3.87351
-3.87351
-3.87545
-3.87804
-3.87902
-3.87805
-3.87773
-3.88065
-3.88097
-3.87968
-3.88064
-3.87837
-3.87967
-3.87934
-3.88032
-3.88
-3.88097
-3.88
-3.87936
-3.8787
-3.87805
-3.8774
-3.8774
-3.87806
-3.87773
-3.87838
-3.87773
-3.87838
-3.87838
-3.87449
-3.87449
-3.87545
-3.87577
-3.87674
-3.87739
-3.87804
-3.87708
-3.87579
-3.87838
-3.87838
-3.88032
-3.87967
-3.88096
-3.88193
-3.88063
-3.88063
-3.88193
-3.87869
-3.88063
-3.87966
-3.87966
-3.87901
-3.88031
-3.88096
-3.88194
-3.88194
-3.88064
-3.88129
-3.88226
-3.88194
-3.88388
-3.88582
-3.88615
-3.88906
-3.88744
-3.88615
-3.88647
-3.8842
-3.88193
-3.88096
-3.87999
-3.87999
-3.88291
-3.88356
-3.88291
-3.88161
-3.88064
-3.87772
-3.87545
-3.87804
-3.87869
-3.88095
-3.88258
-3.88387
-3.88387
-3.88355
-3.88323
-3.88128
-3.87902
-3.8787
-3.87805
-3.87611
-3.87611
-3.87741
-3.87774
-3.87839
-3.87741
-3.87643
-3.87707
-3.87609
-3.87641
-3.87674
-3.8774
-3.8774
-3.88096
-3.87869
-3.87998
-3.88031
-3.87967
-3.87805
-3.88065
-3.88162
-3.88259
-3.88388
-3.88129
-3.88162
-3.88194
-3.88421
-3.88226
-3.87967
-3.87902
-3.87805
-3.87772
-3.8774
-3.87739
-3.87513
-3.87481
-3.87514
-3.87612
-3.87678
-3.87678
-3.87872
-3.87807
-3.87741
-3.87611
-3.87546
-3.87481
-3.87676
-3.87644
-3.87611
-3.87579
-3.87546
-3.8745
-3.87288
-3.87353
-3.87645
-3.87645
-3.87645
-3.87579
-3.87578
-3.87707
-3.87676
-3.87709
-3.87709
-3.87515
-3.87321
-3.87354
-3.87354
-3.87418
-3.87645
-3.87645
-3.8758
-3.87709
-3.87481
-3.87513
-3.87578
-3.8774
-3.87773
-3.87838
-3.87968
-3.87741
-3.87871
-3.88033
-3.88033
-3.88228
-3.8839
-3.88261
-3.88229
-3.88326
-3.88293
-3.88227
-3.88129
-3.87999
-3.88096
-3.87934
-3.87741
-3.87742
-3.87387
-3.87711
-3.87646
-3.87679
-3.87614
-3.87581
-3.87581
-3.87774
-3.87839
-3.87968
-3.87838
-3.87806
-3.87677
-3.87839
-3.87547
