0.766442
0.773727
0.774306
0.767857
0.755463
0.739373
0.722582
0.707964
0.697692
0.693004
0.694215
0.700869
0.712067
0.726723
0.743637
0.761498
0.778781
0.793698
0.804417
0.809336
0.807448
0.798552
0.783331
0.763195
0.740178
0.71659
0.694718
0.676471
0.663112
0.655179
0.652496
0.654311
0.659472
0.666622
0.674405
0.681636
0.687573
0.692042
0.695386
0.698371
0.701898
0.706791
0.713653
0.722619
0.733364
0.745031
0.756303
0.765692
0.771698
0.773246
0.769885
0.761865
0.750134
0.736226
0.721834
0.708285
0.696391
0.686398
0.678336
0.672495
0.669468
0.669959
0.674267
0.681843
0.691452
0.701748
0.711818
0.721332
0.73044
0.739336
0.747933
0.755862
0.762505
0.767239
0.76961
0.769574
0.767496
0.764111
0.76039
0.757281
0.755341
0.754427
0.753533
0.751004
0.745364
0.736366
0.725768
0.716503
0.710534
0.707383
0.705064
0.701997
0.69786
0.693282
0.689016
0.685389
0.682252
0.679209
0.676111
0.673325
0.671862
0.67299
0.677875
0.687058
0.700108
0.715788
0.732428
0.74847
0.762802
0.774803
0.784146
0.790441
0.793024
0.791016
0.783666
0.770802
0.753083
0.732261
0.711159
0.693337
0.681932
0.678067
0.680116
0.684882
0.689645
0.693223
0.695929
0.698908
0.703322
0.709827
0.718369
0.728268
0.73863
0.748385
0.756242
0.76063
0.760081
0.753999
0.743134
0.72945
0.715634
0.70438
0.697738
0.696641
0.700872
0.709334
0.720676
0.733955
0.748846
0.765256
0.782564
0.799309
0.813422
0.822921
0.826442
0.823625
0.815096
0.802244
0.786794
0.770208
0.753325
0.736465
0.719868
0.704026
0.689728
0.677836
0.668959
0.663241
0.660408
0.659877
0.660851
0.662564
0.664489
0.666482
0.668651
0.671146
0.673902
0.676539
0.678586
0.679782
0.680438
0.681517
0.684294
0.689982
0.699124
0.711402
0.725689
0.740449
0.754132
0.765459
0.773579
0.778124
0.779185
0.777146
0.772485
0.765642
0.757062
0.747285
0.73719
0.727872
0.720526
0.716292
0.715882
0.719382
0.726077
0.734596
0.743201
0.750279
0.754686
0.75608
0.75488
0.751935
0.747973
0.74328
0.737587
0.730372
0.721281
0.710531
0.69905
0.688392
0.680543
0.677443
0.680415
0.689703
0.704233
0.721858
0.739844
0.75548
0.766597
0.771837
0.770659
0.763244
0.750346
0.733102
0.712871
0.691072
0.669397
0.649854
0.634808
0.626698
0.627506
0.637948
0.657094
0.682499
0.710954
0.739296
0.764965
0.786277
0.802248
0.812212
0.815778
0.812952
0.804247
0.790993
0.775293
0.75969
0.746509
0.737048
0.73124
0.727881
0.725531
0.723059
0.719815
0.715493
0.710067
0.703844
0.697379
0.691412
0.686666
0.683746
0.683045
0.684802
0.689056
0.695603
0.703932
0.713284
0.722772
0.73172
0.739842
0.747449
0.755187
0.763489
0.772254
0.780498
0.786402
0.787881
0.783224
0.771557
0.753184
0.729625
0.703477
0.677963
0.65641
0.641641
0.635453
0.638217
0.648839
0.664876
0.68319
0.700637
0.714695
0.723669
0.726769
0.723981
0.716107
0.704794
0.692443
0.681858
0.67553
0.674753
0.679223
0.687663
0.698731
0.711611
0.726041
0.741773
0.758234
0.774478
0.789366
0.801855
0.811229
0.817056
0.819098
0.817174
0.811272
0.801673
0.789047
0.774556
0.759604
0.745489
0.733031
0.722199
0.71211
0.701453
0.689208
0.675317
0.660985
0.648546
0.640823
0.640316
0.648295
0.664203
0.685598
0.708917
0.730334
0.74673
0.756169
0.757898
0.752299
0.740535
0.724308
0.705667
0.686976
0.670888
0.660022
0.656471
0.661185
0.673608
0.691887
0.713359
0.735206
0.755134
0.771634
0.783922
0.791755
0.795059
0.793663
0.78738
0.776599
0.762509
0.746916
0.731809
0.718869
0.709343
0.704118
0.703655
0.707768
0.715522
0.725324
0.735444
0.744461
0.75148
0.756219
0.758613
0.758509
0.755402
0.748769
0.738435
0.724898
0.709689
0.695443
0.685361
0.682127
0.686657
0.697625
0.712088
0.726809
0.739328
0.748258
0.753059
0.753654
0.750218
0.743178
0.733268
0.721629
0.709774
0.699365
0.691892
0.688422
0.689365
0.694473
0.702781
0.71282
0.722826
0.731046
0.736232
0.737849
0.736186
0.732227
0.727491
0.723664
0.721995
0.72285
0.725512
0.72845
0.729801
0.727759
0.721095
0.709402
0.693557
0.676208
0.661811
0.655536
0.660794
0.677125
0.700625
0.726183
0.749433
0.767412
0.778481
0.78194
0.778011
0.767712
0.752881
0.736089
0.720297
0.708372
0.702505
0.703738
0.711792
0.725253
0.741958
0.759266
0.77449
0.785385
0.790454
0.789126
0.781745
0.769572
0.754514
0.738724
0.724202
0.712607
0.705077
0.702105
0.703476
0.708335
0.71545
0.723384
0.730857
0.736953
0.741083
0.743013
0.742772
0.740443
0.736012
0.729323
0.720204
0.708754
0.695474
0.681473
0.668332
0.657859
0.651661
0.650729
0.655244
0.664522
0.677207
0.691713
0.706458
0.720054
0.731276
0.739008
0.742297
0.740605
0.734043
0.723606
0.711473
0.700801
0.695094
0.697051
0.707423
0.724661
0.745333
0.765207
0.780359
0.787808
0.785987
0.774941
0.756263
0.733076
0.709661
0.690777
0.680498
0.680918
0.691418
0.708936
0.72921
0.748253
0.763281
0.77299
0.77739
0.777516
0.775039
0.771631
0.768442
0.765775
0.763113
0.759441
0.753736
0.745589
0.735384
0.724235
0.713629
0.705091
0.699814
0.698444
0.701093
0.707309
0.716274
0.726891
0.738096
0.748939
0.758597
0.766221
0.770892
0.771817
0.76847
0.760782
0.749398
0.735614
0.721117
0.707588
0.696255
0.687743
0.682069
0.678841
0.677305
0.676698
0.676313
0.675737
0.674896
0.674243
0.674726
0.677572
0.683893
0.694287
0.708541
0.725498
0.743191
0.759201
0.771284
0.777986
0.778909
0.7746
0.766181
0.755105
0.743066
0.731885
0.723126
0.7177
0.715582
0.715973
0.717796
0.720215
0.723009
0.726638
0.732092
0.740337
0.751555
0.764769
0.778025
0.789047
0.795909
0.797309
0.792701
0.782387
0.767534
0.749969
0.731824
0.715068
0.701072
0.690387
0.682863
0.67782
0.674216
0.670767
0.666379
0.66063
0.654091
0.648158
0.644586
0.6448
0.649513
0.658606
0.671468
0.687345
0.705425
0.724835
0.744475
0.763049
0.779232
0.791883
0.80033
0.804233
0.803734
0.799312
0.7917
0.781591
0.769518
0.755887
0.74103
0.725327
0.709411
0.694222
0.680953
0.670896
0.665281
0.66479
0.66925
0.67744
0.687451
0.697315
0.70551
0.711368
0.715211
0.718054
0.721075
0.725046
0.730119
0.736233
0.743348
0.751523
0.760798
0.771066
0.781992
0.792958
0.802999
0.810903
0.81532
0.81499
0.809192
0.797782
0.78132
0.760859
0.73776
0.713548
0.68986
0.66849
0.651168
0.639111
0.632651
0.631097
0.632943
0.636626
0.641287
0.647292
0.656347
0.670383
0.689679
0.711903
0.733273
0.750342
0.760941
0.764186
0.760311
0.750454
0.736297
0.719918
0.703517
0.689132
0.678397
0.672457
0.67187
0.67652
0.68551
0.697205
0.709673
0.721216
0.73084
0.738351
0.744047
0.748326
0.751477
0.753638
0.754923
0.755647
0.756313
0.757386
0.759093
0.761184
0.763044
0.763824
0.762704
0.759188
0.753247
0.745342
0.736422
0.727676
0.720314
0.715326
0.713224
0.713878
0.716541
0.720024
0.723172
0.725222
0.726042
0.726013
0.725694
0.725565
0.725809
0.726322
0.726755
0.726723
0.725969
0.724551
0.722856
0.721503
0.721168
0.72233
0.725134
0.729233
0.733975
0.738535
0.742125
0.744304
0.744866
0.743825
0.741256
0.737124
0.731311
0.723652
0.71415
0.703183
0.691659
0.680949
0.672483
0.66722
0.665311
0.666158
0.668861
0.672675
0.677291
0.682868
0.689917
0.698856
0.709733
0.722122
0.735284
0.748513
0.761363
0.773766
0.785655
0.796587
0.805405
0.810444
0.809937
0.802493
0.787614
0.765812
0.738722
0.709005
0.679914
0.654787
0.636599
0.627679
0.629375
0.641569
0.662314
0.68821
0.715461
0.740684
0.761375
0.776101
0.784351
0.786336
0.782797
0.774834
0.763916
0.751775
0.740109
0.730276
0.723062
0.718644
0.71668
0.716504
0.717363
0.718627
0.719912
0.721126
0.722336
0.723562
0.724604
0.725001
0.724116
0.721373
0.71628
0.70866
0.698613
0.68678
0.674357
0.663076
0.654917
0.651581
0.654009
0.662065
0.67469
0.690392
0.707692
0.725299
0.742216
0.757699
0.771237
0.782444
0.791026
0.796664
0.799024
0.797779
0.79272
0.783821
0.771566
0.757076
0.741991
0.728265
0.717579
0.710766
0.707788
0.707926
0.710216
0.713791
0.718049
0.722776
0.728076
0.734351
0.741956
0.750934
0.760753
0.770221
0.777774
0.781887
0.78153
0.776253
0.766229
0.752107
0.734684
0.714893
0.69391
0.673396
0.655481
0.642256
0.635026
0.633986
0.638518
0.647819
0.661079
0.677337
0.695309
0.713344
0.729768
0.743077
0.752338
0.757158
0.757633
0.754295
0.748154
0.740899
0.734808
0.732426
0.735742
0.745248
0.759546
0.775855
0.791013
0.802301
0.8078
0.806591
0.798679
0.785012
0.767245
0.747446
0.727711
0.709751
0.69475
0.683245
0.675113
0.669759
0.666476
0.664897
0.665182
0.667929
0.673725
0.682485
0.693277
0.704619
0.714958
0.723298
0.729467
0.734048
0.738059
0.742455
0.747542
0.752855
0.757393
0.760032
0.759937
0.756806
0.751028
0.743726
0.736341
0.730366
0.726793
0.725781
0.726663
0.728238
0.729223
0.728756
0.726596
0.723268
0.719776
0.717331
0.716864
0.718847
0.723084
0.728984
0.73575
0.742533
0.748466
0.752566
0.753743
0.751237
0.74498
0.735888
0.725577
0.715954
0.708657
0.704522
0.703653
0.705511
0.709352
0.714475
0.720413
0.726876
0.733679
0.740811
0.748278
0.755986
0.763441
0.769646
0.773145
0.77247
0.766718
0.755945
0.741265
0.724705
0.708761
0.695942
0.688195
0.686555
0.690964
0.700301
0.712746
0.726206
0.738644
0.748281
0.753789
0.754315
0.74952
0.7396
0.725509
0.70894
0.692162
0.677713
0.667962
0.664529
0.667974
0.677731
0.692304
0.709785
0.728109
